3 3
66.4426 71.2648 45.8476 
72.8591 78.1648 50.8033 
61.4229 66.2958 43.596 
3 3
41.9139 46.467 32.4927 
45.9687 49.8275 34.0087 
38.4486 40.4786 28.3244 
3 3
112.392 129.602 91.5806 
119.626 136.348 97.134 
98.5689 112.449 79.0337 
3 3
56.8887 67.7682 51.51 
61.5996 72.2971 53.7036 
51.3623 59.5056 43.4011 
3 3
57.952 66.6704 46.9132 
64.5632 71.5845 49.7337 
55.8245 60.5681 40.1284 
3 3
64.8259 68.1025 43.1752 
68.1022 71.0193 45.0119 
56.0588 57.7528 36.7117 
3 3
96.1384 109.82 77.536 
103.088 116.144 81.1747 
85.4171 95.3258 65.7991 
3 3
77.656 91.4029 67.2135 
84.9505 98.8413 71.4362 
72.5071 83.6733 59.7042 
3 3
73.1803 79.5935 53.0487 
80.0766 85.0268 56.4327 
67.4612 69.9661 47.2285 
3 3
79.9825 98.4395 75.216 
87.4574 106.077 79.2262 
73.1259 88.3562 65.3848 
3 3
85.395 98.8135 70.3402 
92.2632 103.836 73.7821 
76.7405 85.0756 59.2346 
3 3
103.6 123.997 90.2838 
112.405 131.551 96.2889 
94.4457 110.127 79.2317 
3 3
108.731 127.937 93.3577 
117.652 137.225 100.35 
98.7223 114.248 83.3771 
3 3
90.2695 105.238 74.7435 
97.347 111.554 78.0965 
81.6652 91.2892 63.3102 
3 3
59.1551 72.6349 56.5565 
62.7931 77.281 59.3913 
52.2945 64.935 49.5925 
3 3
82.4942 97.0649 70.0385 
90.3868 102.964 72.7958 
76.118 85.0841 60.0964 
1024 1
-3.5294 -4.88584 2.04447 7.60158 7.14085 4.00048 -4.33021 -4.17329 -1.74599 4.27905 10.0008 -0.521595 -0.695889 4.41369 2.56221 -2.39737 5.13124 13.6798 11.4185 -14.4608 -20.0586 -1.72737 7.43909 4.98845 11.3207 17.8268 7.80725 -18.1714 -33.0628 -14.0561 8.23814 10.9642 10.3879 17.2704 9.31299 -12.2728 -25.1254 -6.65417 14.3359 14.4888 2.93588 9.68498 12.9472 4.86857 -1.57453 11.4057 13.9971 7.21625 -2.19944 -1.81882 6.2008 8.62736 9.50756 7.92682 -1.17163 -3.65912 -1.21135 -4.39066 1.54882 7.69373 2.71605 -8.38246 -12.817 -5.6357 -1.58476 -2.59438 1.5277 5.48376 4.52897 3.17359 -2.14361 -1.74869 -1.27986 3.46416 6.12328 0.104248 0.2826 3.3167 1.84103 -0.72833 4.14327 9.75005 6.84412 -9.09187 -12.7094 -0.358383 4.45266 3.49691 7.96315 11.4865 4.25233 -11.9789 -21.3849 -7.80183 6.04161 7.14166 7.36839 10.9639 5.75066 -8.58806 -16.8696 -3.33155 8.94341 9.23588 2.36419 6.4398 8.44721 3.07407 -0.69217 6.94832 9.28985 5.38548 -0.601293 -0.544299 4.35065 5.81446 6.24471 5.88176 -0.158092 -2.38976 -0.455842 -2.38 1.24693 4.77373 2.2955 -5.07136 -8.31881 -3.17688 -6.39617 -9.04354 4.35368 12.612 11.5692 6.23781 -8.3844 -7.03578 -4.59247 8.25382 15.9342 -1.16515 0.012262 8.24858 4.20025 -4.04813 9.3277 24.2206 17.2639 -27.0497 -34.088 -1.76315 12.249 7.9875 20.9167 31.1829 11.0429 -33.9373 -57.9632 -22.1995 14.4158 18.5278 19.1211 29.7472 14.3652 -24.2426 -45.4947 -10.6529 24.5283 23.6594 5.06679 17.0956 21.2832 6.40161 -4.27909 19.0774 24.7942 12.7441 -4.31274 -2.61608 10.6822 15.2512 16.3151 13.5958 -1.98041 -5.71568 -2.77021 -8.33288 2.78718 12.6768 3.4017 -14.6083 -22.5411 -10.0603 -3.46407 -4.82156 2.87514 7.01597 6.31043 3.0792 -4.31044 -3.17769 -1.89183 5.17474 8.74118 -0.444272 0.0403806 4.45926 2.58617 -2.12569 5.71531 13.0233 9.15095 -14.8912 -17.5356 -0.698368 6.23378 4.39138 11.4468 17.153 4.82847 -18.2203 -30.1694 -11.2509 7.54482 9.58132 10.1551 16.3332 7.80181 -12.8906 -23.8953 -4.04397 13.0631 12.7155 3.64256 9.93484 10.9842 3.34163 -1.38897 10.544 13.2603 6.38159 -1.88696 -1.00872 6.21199 8.57106 9.20227 7.13024 -1.48829 -3.19931 -0.924793 -4.51292 1.52891 7.15099 2.10394 -8.39269 -11.4861 -4.57913 -2.74042 -4.32968 2.6307 6.59142 6.51751 3.63903 -3.37357 -3.31045 -2.02644 4.24049 9.48132 0.301858 -0.56992 4.19784 2.08974 -1.59619 5.54169 13.5522 9.69567 -13.9725 -17.767 -1.33153 6.7742 4.57904 10.5111 17.3013 6.04139 -17.5114 -31.0595 -11.8915 7.48251 9.65429 9.41818 16.0434 7.90012 -11.7253 -23.7653 -4.6177 13.1905 13.0112 2.47981 8.81921 11.4549 4.17813 -1.23862 11.1892 12.9393 6.82319 -1.70562 -1.00706 6.30189 8.19174 8.43678 8.1097 -0.882795 -3.48106 -0.878999 -4.40928 1.71803 7.52823 2.59198 -7.40788 -11.6287 -4.70397 -2.84903 -5.30187 2.03485 7.19654 6.7668 4.05203 -3.67922 -2.98026 -2.66351 3.4604 8.9963 0.937453 -0.107844 4.23593 2.45735 -1.99804 4.28872 12.4205 11.0569 -12.9639 -19.0628 -1.43787 6.65279 4.90523 10.0025 16.5103 7.40748 -16.2129 -31.387 -12.7673 7.54701 10.5101 9.53578 15.5833 8.95555 -11.4225 -23.6759 -6.33781 12.8358 12.808 2.34705 9.42392 11.8446 4.03694 -2.66595 10.1619 13.4296 7.50031 -2.05117 -1.37967 5.99115 8.09777 9.01624 7.76222 -0.177457 -3.39284 -1.29367 -4.18099 1.31417 6.96333 2.26021 -7.24638 -11.6376 -5.0582 -5.51637 -7.91424 3.49121 10.8156 9.88689 5.53031 -6.74809 -5.80265 -3.57337 6.47408 13.9647 0.241605 -0.777296 7.32265 3.49386 -4.00724 7.78894 20.549 15.3153 -23.2133 -29.0968 -2.1783 10.0956 6.6795 17.7764 26.4943 9.83189 -28.3156 -49.836 -18.6546 12.6654 16.2309 15.494 25.1574 12.5295 -20.3945 -38.3206 -8.92314 21.3046 20.2273 4.6906 14.6426 18.0255 6.18724 -3.57766 16.83 21.2968 10.9397 -2.71065 -1.24322 9.53254 13.1539 13.525 12.749 -1.77244 -4.63986 -1.82888 -7.36382 2.81488 11.0289 3.25077 -12.4208 -19.9609 -8.46241 -4.44653 -6.47244 3.69084 9.17492 8.63111 4.51425 -5.14245 -4.92161 -2.46933 6.10572 12.0842 -0.531254 -0.774841 5.86149 2.77297 -3.39876 7.37361 18.387 12.2166 -20.0208 -24.1938 -1.29494 8.84895 5.84871 15.0109 22.9161 6.92096 -24.9614 -42.1856 -15.7928 11.1578 13.0402 13.6905 21.9432 10.7397 -17.695 -32.2701 -6.52695 18.0863 16.7259 4.38382 12.4815 14.9665 5.65893 -1.4253 14.5694 18.0801 9.09061 -2.67303 -1.85175 7.72772 10.9553 12.0984 9.42163 -1.79471 -4.6109 -1.68947 -5.72363 2.56877 8.94455 2.17837 -10.9827 -16.8277 -6.72272 -3.69332 -5.37419 2.89324 8.62143 7.26446 4.01988 -4.8429 -4.52387 -2.40158 4.74803 10.2961 0.39869 -0.132882 4.564 2.81536 -2.44841 5.68401 15.336 12.2795 -16.1749 -21.9514 -1.98077 7.79394 4.99876 12.5828 19.8277 7.60832 -20.2557 -37.1595 -14.936 8.46119 12.2762 10.9832 19.265 10.3295 -14.0228 -28.7348 -7.03435 15.4305 15.7677 2.80082 10.9664 13.5143 4.83935 -1.99243 12.1823 15.6679 8.18279 -2.51875 -1.87132 6.74289 10.0858 10.2609 9.75724 -0.964975 -4.24549 -1.55744 -5.63292 1.39616 8.3463 2.73338 -8.94596 -14.9329 -6.19975 -5.25101 -6.49276 4.25855 9.65704 8.75314 4.51872 -6.42843 -5.11837 -3.17988 7.19699 12.1381 -1.89316 -0.241194 6.69935 2.53382 -3.40126 8.42103 19.6029 12.2615 -22.4889 -25.0515 -0.603486 9.19502 5.29276 16.9399 23.7498 7.0141 -27.6846 -44.3774 -15.4282 12.0504 14.3902 14.5838 23.451 10.491 -19.6123 -34.2369 -5.9257 19.6134 17.7766 4.34492 14.188 16.3342 4.95254 -1.48776 15.3414 19.119 9.50315 -2.63398 -1.88322 8.33531 11.9745 12.9458 10.8031 -2.3966 -4.33147 -1.80907 -7.12181 2.41935 9.80829 2.69218 -11.7552 -17.5818 -6.89848 -4.49836 -6.54474 3.78682 9.46181 8.93312 4.69025 -5.53442 -4.72303 -3.06825 6.28215 12.2849 -0.457909 -0.19719 5.82149 2.6896 -3.28691 7.25903 18.5677 14.0311 -20.9133 -26.0144 -1.86794 8.61914 6.427 15.6783 23.6475 8.12599 -25.4912 -44.8322 -16.5537 11.0657 14.6925 14.4351 22.9478 10.9204 -18.6837 -34.797 -7.40054 19.0922 18.5248 4.2819 13.0749 15.8581 5.0257 -2.68271 14.737 18.8442 10.393 -2.58073 -1.63317 8.1661 12.3485 12.65 10.8152 -1.53559 -4.93183 -2.06985 -6.94594 1.68145 9.89303 3.3784 -11.3298 -17.579 -7.43415 -6.77317 -8.4357 4.39816 12.0515 11.2698 5.51568 -8.01755 -5.89777 -3.85325 8.11406 15.0893 -1.62645 -0.0441196 7.90301 3.3064 -4.26541 10.0348 23.7398 16.2964 -26.9738 -32.0163 -1.33574 11.7705 6.85567 19.6937 30.521 9.74475 -33.1537 -56.083 -20.7735 14.1638 17.6759 18.3833 29.2492 14.1883 -23.9741 -43.2559 -8.28985 23.6127 22.7959 5.17363 16.6228 19.8736 6.07821 -2.43853 18.9123 23.3864 12.2901 -3.57305 -1.7879 10.791 14.8251 15.6378 13.2312 -2.92594 -5.74875 -2.90736 -8.89945 3.09648 12.5792 3.00471 -14.5736 -22.3363 -8.94831 -6.3515 -9.23942 4.68175 12.1487 11.1832 6.31265 -8.53498 -6.77209 -4.39142 8.07084 15.8073 -1.85821 -0.390018 8.52085 4.27341 -4.83618 10.0703 24.7087 16.9939 -28.5586 -34.2115 -1.74247 12.3169 7.42672 21.2392 31.2645 9.49359 -34.6233 -58.6094 -21.6807 14.8422 18.0671 18.8471 29.9275 14.2209 -24.6444 -44.9855 -9.6341 25.1611 23.4692 5.41795 17.3999 21.3547 7.20456 -3.16929 19.7185 24.5719 12.9377 -4.18575 -2.40322 10.7729 15.2927 15.4845 13.2283 -2.9135 -5.86385 -2.73806 -8.70625 3.17538 13.1971 3.72453 -15.9738 -23.4089 -9.85813 -5.0704 -7.57874 3.64132 10.7024 9.51885 4.86929 -6.23797 -5.74896 -2.98336 6.33235 13.6875 -0.74121 0.0223022 6.69143 2.97692 -3.72143 7.43233 19.9342 14.4907 -22.4157 -27.1402 -2.37604 9.98765 6.10114 16.814 25.4785 8.4148 -27.683 -47.1347 -18.159 11.8743 14.8961 15.3382 24.1715 11.7525 -19.684 -37.1596 -7.90429 19.9135 18.8188 4.19061 13.9777 16.9281 5.31854 -3.17476 16.0556 19.9288 10.4251 -3.20169 -1.3082 9.03612 13.1571 13.45 11.7143 -2.21101 -4.9172 -2.53489 -6.99784 2.67139 10.7022 3.3733 -12.1589 -19.0959 -7.95004 -3.1593 -4.64025 3.12983 6.87735 6.68299 3.00505 -4.92967 -3.47637 -1.89054 5.34658 9.05742 -0.778732 -0.00591874 4.59313 1.90475 -2.45493 6.63734 14.8573 9.1938 -16.2857 -18.2402 -0.0532169 6.80572 4.36874 12.135 17.7288 4.9486 -19.9167 -32.2179 -10.866 8.8194 10.6262 11.6602 16.8905 8.13513 -14.83 -25.1639 -3.742 14.5002 13.2776 3.35582 10.1194 12.1699 3.45994 -1.36162 11.9605 13.9969 6.68251 -1.7944 -1.06849 6.24455 8.75365 9.73039 7.5656 -1.39444 -2.65941 -1.40049 -5.21579 2.7735 7.27537 1.9713 -9.13823 -12.934 -5.19227 -4.93393 -6.24539 3.1579 9.65265 9.10757 4.87644 -5.97928 -5.33317 -3.5031 6.65809 12.2583 -0.804213 -0.132129 5.67148 3.03331 -3.12589 7.36085 18.6862 13.4463 -20.9109 -24.8159 -1.87217 8.62616 5.93696 15.5732 23.3291 8.35565 -25.3762 -43.8745 -16.7992 10.5773 14.2592 13.7408 22.6063 10.8839 -17.6787 -33.8359 -7.22394 19.0727 17.8582 4.24498 13.0781 16.1776 5.08102 -2.16113 14.8203 18.7709 9.33997 -3.2113 -1.65561 8.2632 12.2757 12.3921 10.9771 -1.89032 -4.96388 -1.54242 -6.43434 2.68517 9.55139 2.95981 -11.7782 -17.7094 -7.10081 
1024 1
0.164274 -2.5742 -8.81781 3.04028 8.40697 -5.03884 -1.91626 0.078177 -0.347522 -4.81269 -9.07037 11.6236 12.3826 -9.91572 -4.69477 -0.095041 -0.596085 -5.39399 -7.87523 13.9155 11.0434 -12.399 -5.72258 -1.38334 -0.333704 -4.73167 -9.43579 12.4766 10.7503 -12.8128 -5.34867 -0.827297 -0.167554 -4.74647 -12.7813 11.2557 11.9247 -12.4886 -4.3757 -0.873421 -0.0558205 -6.04085 -15.6398 12.0524 14.9678 -12.8726 -5.08169 0.0419846 -0.667117 -5.06983 -16.0922 9.20664 14.0627 -14.0551 -6.40869 -0.386541 0.255678 -2.399 -9.91457 5.20791 4.89744 -14.1587 -3.42786 -0.365526 0.133026 -1.46231 -5.0464 2.5493 5.37021 -3.09123 -1.05982 0.376569 -0.380907 -3.35522 -5.59488 7.31885 7.94685 -6.48306 -2.70415 0.197152 -0.158932 -3.82001 -5.16655 8.68404 6.72369 -8.00003 -3.85976 -0.310923 0.0060509 -2.71735 -5.87339 7.82453 6.869 -7.58814 -3.46602 -0.554611 -0.307396 -2.70432 -7.36329 7.11876 7.48007 -7.62895 -2.16094 0.192503 0.112658 -3.90017 -9.19531 8.20425 9.27294 -7.6544 -3.19656 0.0477767 0.462082 -3.44899 -9.71581 7.29403 9.29459 -8.82979 -3.61483 0.386539 0.456797 -1.5425 -6.04667 3.7332 3.24767 -8.84375 -1.93648 0.737471 -0.078805 -4.68684 -15.9244 6.4869 12.4563 -9.13927 -3.12621 0.241529 -1.82857 -9.05666 -15.6148 20.2737 19.1392 -18.1548 -8.57906 -0.96768 -2.20602 -10.731 -13.127 24.814 18.041 -22.0626 -10.4043 -1.87866 -1.50766 -10.0258 -15.7984 22.9138 16.6274 -22.1425 -8.57862 -1.3531 -1.44423 -9.32807 -21.2497 20.9441 19.7476 -21.2962 -7.11578 -0.950273 -0.89109 -11.5278 -26.9261 23.1587 23.233 -23.4976 -8.97977 -0.922953 -1.17972 -11.0553 -27.2643 20.0595 22.9137 -25.6466 -10.2852 -0.424121 0.0155484 -5.70367 -18.9266 10.8016 7.0127 -25.5118 -6.62762 0.308809 -0.166117 -2.55465 -7.86037 4.58552 6.89713 -4.45099 -1.25082 -0.0536073 -0.591398 -5.05696 -6.97518 11.508 10.0316 -9.25767 -4.51183 -0.0863227 -1.10754 -5.29063 -5.81817 14.2572 8.83121 -11.6004 -5.01709 -1.15724 -0.726885 -5.14162 -7.02147 12.3244 8.73165 -11.8249 -3.66968 -0.730124 -0.446562 -4.92671 -10.4974 11.4873 9.53557 -10.9415 -3.51729 0.183862 -0.880373 -6.16586 -14.0538 13.5932 12.2797 -12.2262 -4.19007 -0.174237 0.0432412 -5.95701 -14.0099 11.2114 11.576 -13.3461 -5.19974 -0.254436 -0.365749 -2.53811 -9.52343 5.98087 2.94314 -13.4449 -3.08137 0.567603 0.419042 -2.71141 -8.76886 3.54125 7.66412 -4.59046 -2.34581 0.524282 -0.346917 -5.18318 -8.04963 11.4598 10.452 -9.48779 -4.96055 -0.8656 -0.937822 -5.3676 -7.25611 12.8208 10.2555 -11.5596 -5.49757 -0.358775 -0.923815 -4.79367 -7.57633 12.1077 9.2257 -11.8819 -4.50051 -0.567425 -0.521025 -4.83375 -11.2669 10.7052 11.143 -11.0355 -3.97994 0.036072 -0.145733 -5.1496 -14.1932 11.5329 12.6718 -11.9296 -5.04128 0.247214 0.0694742 -5.41652 -13.8493 10.398 12.753 -14.0816 -5.2676 -0.346736 0.0994855 -2.62708 -9.09773 5.48799 4.49348 -13.8456 -2.97326 0.112473 0.0648671 -2.12027 -7.62002 2.54638 7.23619 -4.64848 -2.15518 0.458047 -0.135441 -4.07106 -8.40549 9.99443 11.432 -8.37277 -4.30119 -0.00139758 -1.06566 -4.49901 -7.63836 12.3101 11.6051 -11.5995 -5.92026 -1.15059 -0.474713 -4.01804 -8.71192 11.5716 10.7584 -12.1467 -5.2212 -0.852355 -0.466904 -4.0031 -11.4559 9.8823 12.3609 -11.6558 -4.14953 -0.0651996 -0.0353051 -5.22187 -15.0668 9.87959 14.0952 -11.1973 -5.54779 0.04314 0.117608 -4.55929 -14.3358 8.68598 14.5077 -12.7504 -5.63721 0.00753017 0.392334 -2.73801 -9.86797 4.95066 5.45321 -13.8672 -4.19315 0.265032 -0.779597 -3.6331 -13.7357 5.90364 11.399 -7.29096 -2.88182 0.112476 -1.97074 -7.80111 -13.3901 17.2439 16.4583 -14.8623 -6.91463 -1.09371 -2.03992 -8.47326 -11.1657 20.7083 15.4011 -18.5976 -8.43427 -1.80798 -1.38994 -7.62289 -12.8029 19.6378 13.6402 -18.7983 -7.34883 -1.70846 -0.834149 -7.77859 -19.1548 17.5985 16.6489 -18.3101 -6.24639 -0.712995 -1.06203 -9.69104 -22.7544 18.7178 19.7052 -19.2093 -7.68945 -0.407511 -0.525143 -9.06258 -23.1343 15.9628 20.2648 -22.1098 -8.92975 -0.048718 -0.272013 -4.92589 -15.5187 8.8681 6.11761 -22.2076 -5.50082 -0.367677 -0.675475 -3.36904 -11.8568 5.88849 9.36022 -6.35766 -2.83629 0.383273 -0.857411 -7.3053 -10.4474 16.1573 13.1204 -12.8354 -6.11684 -0.579599 -1.27363 -7.91467 -8.9106 18.7106 12.4233 -16.0475 -6.98721 -0.922548 -1.31074 -7.22795 -10.9996 17.3014 11.4336 -15.6717 -6.39707 -1.01299 -0.82333 -7.43057 -15.9061 15.2252 13.9524 -15.7963 -5.46969 -0.406105 -0.954645 -8.73617 -19.2487 17.3514 16.6991 -16.2474 -6.61472 -0.337402 -0.0500506 -7.42795 -19.8032 14.7092 15.6228 -18.6001 -7.41682 -0.0531861 0.31451 -4.13026 -12.9831 8.00922 4.48335 -18.2633 -4.0682 0.583586 -0.0769276 -2.38777 -9.9634 3.17327 8.14867 -5.56672 -2.0407 -0.00859685 -1.19435 -5.61998 -9.80183 12.5624 12.808 -10.4835 -6.1 -0.937846 -1.00555 -6.31266 -8.75709 15.213 12.7086 -13.4212 -6.82426 -0.966584 -1.39793 -5.38562 -9.52868 13.4365 10.8754 -13.8473 -5.69672 -0.89171 -0.656821 -5.47001 -13.5905 12.0038 13.5229 -13.3019 -5.16528 -0.0248974 -0.10373 -6.95293 -16.9555 12.5804 16.3198 -13.8206 -5.98827 -0.0678158 0.0948508 -6.48336 -17.3435 10.881 15.8142 -15.7897 -7.02627 0.217544 -0.20443 -3.32022 -11.5039 5.51998 6.04085 -16.0049 -3.96215 0.00206968 -0.621485 -3.92308 -12.5486 7.32836 9.11889 -7.31801 -2.08934 -0.396609 -1.70493 -7.5729 -11.3386 16.8301 13.0076 -13.6055 -5.83934 -1.02267 -1.52687 -8.65139 -8.77173 20.0182 11.9531 -17.183 -7.30065 -0.871302 -1.65269 -7.55453 -11.3595 18.4179 10.6712 -16.7867 -5.82456 -1.01679 -1.13804 -7.48588 -16.1789 17.5844 12.907 -16.8082 -4.71052 -0.614066 -1.4811 -9.59015 -20.2059 19.551 16.8308 -18.2502 -6.12117 0.109904 -0.723396 -8.83359 -20.6755 16.5315 15.7923 -20.0696 -6.69312 0.380272 -0.270044 -4.12669 -13.9601 9.5704 4.08545 -19.7531 -4.70803 0.0317973 0.164659 -3.53197 -12.1654 4.93863 10.627 -6.95905 -2.79269 0.443712 -1.61517 -6.6696 -11.9599 15.6313 14.6741 -13.0384 -6.12252 -0.609276 -1.97939 -8.03481 -9.69223 19.3359 14.263 -16.4835 -7.42517 -1.64557 -1.36592 -6.67315 -11.1372 17.4229 12.2222 -16.5544 -6.13399 -0.726991 -1.00579 -7.66665 -15.8909 15.8535 14.6003 -16.4519 -5.49028 -0.834691 -1.02359 -8.13898 -20.4928 17.6918 18.3278 -17.5424 -6.88176 0.166992 -0.563105 -8.4221 -20.3692 14.9273 17.9642 -19.6819 -7.7527 -0.423061 -0.184382 -4.39586 -13.6434 8.18021 5.49665 -19.3925 -5.06249 0.357047 -0.356868 -5.16838 -15.423 7.34213 11.9758 -8.33238 -3.91532 -0.649378 -1.57289 -9.50023 -14.637 20.2519 17.3321 -17.9124 -8.19723 -1.39241 -2.71313 -10.6089 -12.3835 24.3319 15.663 -21.7408 -9.93494 -1.45875 -2.10779 -9.22866 -14.8215 22.3971 14.2719 -21.7293 -8.08185 -1.03303 -1.19384 -9.22844 -20.6112 20.427 17.7302 -20.8131 -6.78333 -0.708859 -1.61001 -11.5743 -26.2662 23.3997 21.0359 -22.5574 -8.63276 -0.52603 -0.79991 -10.4758 -26.4625 20.0757 20.8401 -25.6334 -9.26664 -0.721609 0.255202 -5.25296 -17.3668 10.4404 5.41949 -24.8228 -6.19219 -0.30759 -0.894985 -5.71773 -15.5244 7.96005 12.6085 -9.23835 -3.46097 0.207809 -1.92095 -9.57894 -14.9058 21.4621 17.8065 -17.5394 -8.8736 -0.880627 -2.35707 -10.8056 -12.5989 24.8462 16.7291 -22.0516 -10.0841 -1.91252 -2.23647 -10.2728 -14.7686 23.4426 15.1996 -22.9816 -8.92542 -1.62274 -2.08105 -9.69703 -21.566 21.5312 18.1075 -22.1751 -6.97751 -0.708995 -1.02958 -11.788 -26.8477 23.4999 22.3979 -23.2355 -8.30189 0.0718741 -0.576261 -10.9604 -27.3993 20.0441 21.3629 -26.0065 -9.74773 -0.430561 -0.0514464 -5.89899 -18.5658 10.4269 6.01738 -25.7191 -6.29441 -0.0967532 -0.744721 -4.35725 -12.9764 5.48479 10.2914 -6.64595 -2.46307 0.33701 -1.486 -7.73413 -12.2633 17.3946 16.0624 -14.0645 -6.5872 -0.603127 -1.85682 -8.65651 -11.1883 20.3823 14.704 -17.5219 -7.70176 -1.59492 -1.82093 -8.02586 -12.4875 18.8931 13.0929 -17.8605 -7.2368 -1.40553 -0.747462 -7.73446 -17.5737 17.4021 15.6808 -17.6543 -5.45307 -0.350384 -0.620246 -8.66649 -21.7567 19.0967 19.3948 -18.7551 -7.08105 -0.59101 -0.554787 -8.42191 -21.8374 15.8695 18.6608 -20.9531 -8.21654 -0.139782 0.110428 -4.1552 -15.0898 8.47356 6.23225 -20.9212 -5.3577 0.147531 0.215869 -2.56989 -8.58015 4.92079 6.54364 -4.9678 -2.07931 -0.228313 -1.05609 -5.39511 -7.39955 12.3763 9.13212 -10.077 -4.47625 -0.132225 -1.70443 -6.55229 -5.91165 14.7426 8.58265 -12.3189 -4.64283 -0.964055 -1.27691 -5.95004 -7.91763 13.4576 7.98275 -12.3428 -4.11028 -0.629793 -0.779565 -5.97163 -11.2692 13.4075 9.99573 -11.8029 -3.10124 -0.420142 -0.557865 -6.50261 -14.6181 15.1625 11.6551 -12.8495 -4.26825 -0.084572 -0.046923 -6.50827 -14.5501 12.6751 11.699 -14.4412 -4.79229 -0.255924 -0.448837 -2.89032 -10.3192 7.0598 2.51493 -13.5088 -3.44001 -0.203613 -0.49167 -3.2583 -11.2766 5.26552 10.1486 -6.12503 -2.67057 -0.243222 -1.02304 -6.63331 -11.9427 15.6319 14.7335 -13.1425 -6.33607 -0.685893 -2.07098 -7.87321 -10.1793 19.4391 12.9416 -16.1977 -7.77145 -1.69646 -1.24636 -7.25545 -10.9855 17.1831 12.0013 -16.4175 -6.44626 -1.06181 -0.807994 -7.38813 -15.9174 15.816 14.2384 -16.4797 -5.07999 -1.06387 -1.22923 -8.12124 -20.5173 18.0847 17.6059 -17.1278 -6.52054 -0.120778 -0.148566 -7.95998 -20.1746 15.6315 16.8442 -19.2254 -7.98898 0.212232 -0.482962 -3.93996 -13.9279 8.22861 5.39481 -19.1955 -4.28737 -0.114806 
1024 1
10.1484 14.3447 3.59499 -14.8724 -20.0274 -6.56129 9.60622 11.1834 17.1157 17.4206 8.73698 2.88064 -0.995579 2.13806 8.62121 10.9058 14.3926 15.5154 16.8045 16.9053 12.1167 6.10975 1.07223 2.33083 2.00605 1.85294 3.98593 8.11928 5.2716 2.12938 -5.88037 -4.16703 -4.44301 -12.2674 -16.4291 -11.732 0.106099 2.55859 -4.93573 -3.77188 -0.297523 -1.42014 -7.26938 -9.71018 1.82026 5.75815 -4.24324 -3.5924 3.51152 8.37914 7.85506 0.221257 1.86453 1.40477 -6.66093 -3.10174 2.3785 6.69786 8.48331 2.34282 -2.94842 -6.89597 -6.55392 -1.87753 6.11772 9.20374 2.33459 -9.29474 -12.8324 -4.40078 6.78855 7.41317 11.8619 11.5169 5.85911 1.18362 -0.467269 1.82288 5.60134 6.79516 9.64085 10.0466 10.678 10.5883 8.2001 3.64479 0.697462 1.52376 2.20549 1.0076 3.31103 5.70153 3.42447 1.27221 -3.50324 -2.41823 -3.22804 -7.73834 -9.68738 -6.89335 -0.0428983 1.85293 -2.79044 -2.73949 -0.490219 -1.2685 -5.02367 -5.43999 1.07367 3.90842 -2.21632 -2.14775 2.76074 5.46515 4.42939 0.589129 1.12377 0.855887 -3.96582 -2.36248 1.88811 4.2511 5.0751 2.32639 -2.4187 -3.96291 -4.15215 -1.34612 17.6248 23.8299 4.45329 -27.26 -35.4848 -10.6641 17.7067 18.0189 30.8645 30.5127 13.7866 2.58531 -3.34097 4.04061 15.7871 18.194 25.3886 28.0105 29.2006 28.5264 20.3321 10.2361 1.14094 3.23754 4.36415 2.824 9.33649 14.269 9.71415 1.76801 -10.675 -6.36586 -8.85655 -21.9091 -28.5626 -19.8467 0.0307071 3.95726 -8.49305 -7.46954 -1.08873 -4.72632 -14.692 -15.957 4.1692 8.97196 -8.67752 -6.99033 6.09629 15.0558 11.9862 0.82446 2.85671 1.57143 -12.3486 -6.74003 3.52022 11.4291 13.3838 3.56933 -5.91886 -12.2203 -10.8745 -3.74834 9.34424 13.4124 1.90344 -14.1719 -18.6347 -5.24441 9.48299 9.86576 16.8575 16.2564 7.56561 1.95052 -1.79313 3.0273 8.46858 9.7319 13.7948 15.1904 16.155 15.3449 11.21 5.66941 1.3765 2.49212 2.1422 2.15665 5.25706 7.09378 4.61077 1.28656 -5.23472 -3.44569 -4.4526 -11.7992 -14.1835 -10.4656 0.0872362 1.85707 -4.20419 -4.08697 0.119447 -2.1473 -7.37322 -8.66939 2.43371 4.36042 -4.38226 -3.82999 4.20488 7.99796 6.84607 0.893577 2.48527 0.879669 -6.48008 -3.18354 2.57348 6.08457 7.54296 2.42107 -3.69465 -6.58906 -5.10739 -1.45742 8.97479 13.672 2.65391 -13.8039 -18.8165 -5.5197 9.53651 9.47977 15.8533 15.9273 7.14789 2.20277 -1.36356 2.69134 8.70439 9.64851 13.6956 14.7738 15.8792 15.522 10.9798 5.46387 0.547335 1.64593 2.39664 1.76628 4.69415 7.23632 5.29899 1.60561 -5.43422 -3.86802 -3.96712 -10.526 -14.7019 -10.8738 0.0107348 1.95221 -4.72253 -3.66145 -0.474727 -2.12284 -7.39479 -8.18662 2.60095 4.82612 -3.79377 -3.3483 3.79216 8.2729 6.74543 0.533102 1.543 1.15432 -6.59465 -2.80436 2.32282 5.74128 7.44075 2.38037 -3.47951 -5.74923 -5.66052 -1.20584 9.02062 13.6163 3.61786 -13.5435 -18.5001 -6.78548 9.51383 9.72416 15.5747 16.2512 8.0499 1.56874 -1.95535 2.04237 8.59393 9.70751 13.0413 15.0198 15.02 15.1105 11.0171 5.95787 0.859344 2.56649 2.72986 2.21717 4.54651 8.03181 5.43807 2.17298 -4.66197 -3.49002 -3.62562 -10.4295 -14.3496 -10.1308 0.286236 2.92754 -4.51131 -4.21956 0.169417 -1.57203 -7.43114 -9.28968 1.75815 5.63447 -4.28731 -3.34652 2.89976 7.80789 6.69783 0.549176 2.24547 1.76885 -6.44279 -3.02162 2.25968 6.40208 7.95259 2.55701 -2.64787 -5.75083 -5.58938 -1.56637 14.4975 20.8986 3.76963 -23.1305 -30.5343 -8.89762 14.9974 15.1366 26.1869 26.144 11.6853 2.47115 -2.93999 3.61197 13.0999 15.7806 21.9317 23.7852 25.1591 24.4773 17.5082 8.68445 1.60886 2.80055 3.2447 2.66219 7.48371 11.4017 7.57767 1.62825 -8.34793 -5.63418 -7.7778 -18.1243 -23.6687 -16.6971 -0.171525 3.12231 -7.14961 -6.67925 -1.22952 -4.11702 -12.4279 -14.0602 3.52241 8.34689 -6.6338 -5.74303 5.58653 12.9134 10.5304 0.391443 2.40389 1.34147 -10.8317 -5.48946 3.0414 9.91757 11.8543 3.388 -5.63654 -10.2594 -9.21816 -3.29631 13.3475 17.8211 3.07043 -19.6448 -25.129 -7.28566 13.0383 13.3636 22.5655 22.238 9.76091 2.65037 -1.52648 2.96002 11.2345 13.2512 18.5603 19.5662 21.3774 20.8582 15.052 7.74546 0.696823 3.04114 3.02223 2.09647 5.74409 10.013 6.15329 0.917142 -7.89105 -4.28247 -6.16926 -15.254 -20.6627 -14.1453 -0.123813 2.95517 -6.60161 -4.82619 -0.587152 -3.01365 -10.3005 -11.6143 3.13564 6.87571 -5.79336 -5.19433 5.20054 10.7076 8.39371 0.914619 2.05453 0.538815 -8.99594 -3.96273 2.50035 8.32437 10.2326 2.49996 -4.33497 -8.30254 -7.36993 -2.54954 10.6698 15.1467 3.57197 -15.9055 -22.3277 -6.86094 11.0319 12.1896 18.6604 19.9207 8.71964 2.66841 -1.40036 2.90033 9.26029 11.9972 15.1336 17.1747 18.0107 17.6714 13.1527 6.94074 0.590721 2.31285 2.44131 2.10527 5.20241 8.1671 6.00746 1.67074 -6.37494 -4.70639 -5.0147 -13.5194 -17.3539 -12.988 0.240042 2.72495 -5.62841 -5.02113 -0.570843 -2.72569 -8.1689 -9.76729 2.62161 5.95846 -4.74558 -4.0204 3.68602 9.75229 7.59647 0.947449 2.03837 1.04245 -8.00859 -3.54193 2.96578 7.2848 9.38049 3.06552 -3.8815 -7.34865 -6.9099 -1.80242 13.8618 18.4743 2.8769 -21.5098 -26.8164 -6.74588 14.0989 13.9207 23.7594 22.7107 10.6626 2.10272 -2.18847 3.72343 11.928 14.1948 19.5078 20.8318 22.5138 21.9657 15.5571 7.72788 1.36972 2.91878 2.90058 2.38905 7.26741 10.5751 6.64537 1.30497 -7.9915 -4.85662 -6.48823 -16.8075 -21.4298 -14.4453 0.336323 2.35525 -6.94653 -5.35745 -0.76914 -3.58631 -11.0742 -11.6226 3.97764 6.85292 -6.53485 -5.51188 4.77506 11.9808 9.53285 0.75638 2.58223 0.721671 -9.10899 -4.26914 3.33848 9.25891 10.4367 3.02505 -4.87385 -8.86869 -8.59914 -2.46822 13.102 18.8594 2.74802 -20.1715 -26.9029 -8.0383 13.4334 13.3649 23.6756 22.6286 10.9332 2.59984 -2.07485 3.14177 12.3552 14.5177 18.8895 21.3921 22.005 21.4856 15.8209 7.64515 0.903234 2.52004 2.7851 2.38966 7.07919 10.66 7.05152 2.04624 -8.17683 -4.75583 -6.41791 -16.6 -21.2618 -14.9808 0.147151 3.55525 -6.62483 -5.56932 -0.221258 -3.50627 -11.3253 -12.1344 3.13963 6.69879 -6.16918 -5.04052 5.28284 11.7072 8.93558 0.630133 3.04526 0.930822 -9.49401 -5.13136 3.43976 8.50085 10.8721 2.92909 -4.99358 -8.69092 -7.97077 -2.26477 17.5001 23.3527 3.22277 -26.0891 -34.0122 -9.44545 17.0264 17.0066 29.2409 28.619 12.7534 3.48532 -2.92661 4.48564 15.3013 17.3683 24.3193 26.7556 28.2215 27.0143 19.3134 9.21436 1.31542 3.08713 3.62432 2.3704 8.07133 13.0987 8.35641 1.43554 -10.1578 -6.78215 -8.20843 -20.6598 -26.9019 -18.6466 0.0873609 3.9472 -8.31169 -6.98382 -1.22305 -4.78135 -14.0807 -15.1684 4.3621 8.18805 -7.71354 -6.9046 5.86777 14.3844 11.6347 0.661986 3.29273 0.686402 -12.1545 -6.34421 4.03058 11.0776 13.3464 3.99486 -6.57076 -11.9561 -10.2445 -2.8509 18.0868 24.2402 3.56402 -27.4523 -35.6804 -10.5375 18.3594 17.7692 30.527 29.7445 13.3567 2.86281 -3.00885 3.84553 15.4542 18.385 25.28 27.2036 29.7475 27.8115 20.4326 9.83552 0.9687 3.30723 3.36142 3.01132 8.08007 13.1429 8.62823 2.08666 -10.9384 -6.27597 -9.09483 -21.8512 -28.6683 -19.2295 0.211331 4.18896 -9.28556 -7.06911 -1.283 -4.64512 -14.2318 -15.9228 3.95951 8.53967 -8.83897 -6.64568 6.35172 15.507 11.4185 1.14977 2.93033 0.589818 -13.0325 -6.29983 3.57877 10.8197 13.7711 3.50212 -6.02217 -11.9884 -10.5857 -3.6325 14.5178 19.4151 2.93853 -21.7403 -28.3329 -8.79866 14.3461 14.2191 24.8451 24.2089 11.3615 3.01407 -2.61833 3.85509 13.1369 15.3263 20.7734 22.7417 23.7407 22.5182 16.3162 8.62854 1.25618 2.76941 3.60862 2.97391 7.03121 11.3885 7.63681 1.6131 -8.79526 -5.3211 -7.02329 -17.7101 -23.1159 -15.855 -0.17768 3.27456 -6.9888 -5.61921 -0.639886 -3.82545 -11.4474 -12.6638 2.77848 7.77621 -6.3986 -5.35653 5.23247 11.9203 10.1932 0.878409 3.25767 1.07927 -9.75264 -4.78882 3.17472 8.92912 11.2456 3.87202 -4.8526 -9.60294 -8.96574 -3.17035 10.6273 13.8579 1.84383 -15.2811 -20.1482 -5.34545 10.8789 10.1414 17.8845 16.8896 7.88766 1.94189 -1.89163 2.6472 9.04717 10.6414 14.8861 15.5371 16.6646 16.1261 11.7952 5.32675 0.847353 2.03595 2.28815 2.0948 4.9191 7.4491 5.24354 1.18194 -6.08859 -2.92638 -5.21305 -12.0419 -15.418 -10.4649 0.966817 2.09098 -5.4655 -3.94308 -0.867216 -2.27489 -7.87774 -8.93274 2.50914 4.61165 -4.3192 -3.24241 4.20487 8.41168 6.68464 0.523641 1.93459 0.805886 -6.79194 -2.82313 2.90751 6.94518 8.27797 1.8614 -3.60659 -7.15254 -6.26799 -1.38362 13.5107 18.8456 2.78399 -19.9776 -26.7428 -8.06218 13.093 13.4467 23.5892 23.2627 10.3916 2.08287 -2.33466 3.33902 12.39 14.4268 19.1376 20.7461 21.8671 21.7498 15.4623 8.25276 1.43665 2.60528 3.25591 2.31032 6.51246 9.8768 7.15573 1.68084 -7.3135 -4.96046 -6.46045 -16.4824 -21.3666 -14.2247 -0.165951 2.8502 -6.7531 -5.719 -0.868937 -2.91692 -10.9002 -11.9729 2.78759 6.87418 -6.10416 -4.89909 5.26601 11.7084 9.36982 0.595437 2.93579 0.997529 -9.26739 -4.51104 2.72633 8.14358 10.68 3.45623 -4.37828 -8.75625 -8.4752 -2.74205 
1024 1
1.53445 8.45418 12.0098 4.47082 3.07713 8.49026 5.74472 0.509321 0.0348266 3.21702 1.62186 -6.74333 -7.00841 6.55708 12.1532 4.86174 -3.71798 -8.98195 -12.8517 -15.8574 -17.0456 -0.346821 14.5787 6.62606 -4.3435 -11.1459 -6.21083 0.527553 -1.79325 4.06135 11.5207 3.22929 -3.73683 -11.0965 -5.48911 11.0152 16.2546 8.84394 2.21559 -0.36358 -1.94328 -11.5241 -17.921 -4.83601 8.99189 9.63637 4.98917 0.847263 -0.630249 -1.99153 -4.88665 -7.56344 -3.3512 4.87899 5.64498 0.180117 0.0551434 4.46065 9.129 5.6456 3.28665 2.55684 -1.57352 -1.35789 0.618763 5.68933 7.81735 3.46627 1.95532 5.47875 3.8798 1.22123 0.111412 1.84142 1.31159 -4.4783 -3.18797 4.27302 7.36218 2.66692 -1.66275 -5.13536 -8.31605 -10.7103 -11.1713 0.486963 9.59412 4.12014 -3.04316 -6.64252 -3.7269 0.567187 -1.07021 2.87713 7.76254 2.44111 -2.69149 -7.06177 -3.25113 7.58412 10.5851 6.06284 1.67194 -0.00511983 -0.785952 -7.17557 -10.7174 -2.06832 5.3346 6.48086 2.86758 0.740308 0.225114 -1.73018 -3.82973 -4.69514 -2.25241 3.76104 3.38014 0.517365 0.291506 2.80486 6.43064 3.62777 2.64194 1.68599 -1.57264 -0.509223 2.40102 15.0145 21.3336 8.10112 5.12476 14.789 8.9848 0.918013 0.623884 5.35967 2.49721 -11.3898 -10.5779 12.8179 20.7864 7.33368 -6.10345 -15.404 -21.9861 -29.2093 -29.5928 0.215494 24.8891 9.54537 -9.46386 -19.9702 -11.6748 -1.13701 -4.41168 6.79746 18.7281 4.95263 -7.19836 -19.0536 -8.1947 20.1223 27.5006 13.8343 3.71627 -1.78307 -4.74922 -21.9956 -31.0455 -6.68399 16.0735 16.2235 7.49544 0.392897 -0.869571 -4.52603 -10.5407 -14.8967 -5.98554 9.53821 8.43308 0.00702215 0.327517 8.14475 16.3449 9.78816 5.99269 3.55896 -4.04859 -3.24967 1.13528 7.99748 11.6465 4.58087 2.80165 7.33734 4.59769 0.57684 0.456639 3.10329 1.49684 -6.25494 -5.16585 7.45061 10.4265 3.30332 -2.93007 -8.4022 -11.8735 -15.2905 -15.3982 1.1658 12.9806 4.98926 -5.12806 -9.98065 -5.30681 -0.515338 -2.01648 4.0025 10.5238 2.71973 -4.2188 -9.93367 -4.28799 11.1021 14.8076 7.60317 2.1108 -1.02367 -2.09398 -12.1178 -15.8199 -2.39578 8.71753 8.47786 3.71424 0.557957 0.0666979 -2.70261 -5.26873 -7.67807 -2.05942 5.35882 4.39976 -0.0670345 0.138365 4.34924 8.65982 5.66631 3.1212 1.68687 -2.03451 -1.58455 1.53157 8.25977 11.6665 4.22778 3.18508 7.48374 5.29052 0.998472 0.107205 2.57698 1.46107 -6.65382 -5.52766 6.50727 11.2586 4.08682 -2.63744 -8.42463 -11.3776 -14.9075 -15.0215 -0.278016 13.8105 5.44504 -4.77041 -10.375 -6.1403 0.23165 -1.76152 4.14573 9.856 2.40412 -3.95805 -9.62133 -4.82019 10.182 15.1967 8.2194 2.28391 -1.01713 -1.67538 -11.5794 -16.34 -3.89374 8.09599 8.71103 3.94713 0.501374 -0.675302 -2.0353 -5.01416 -7.56589 -2.36184 4.72037 4.69024 -0.12893 0.12284 4.43223 9.00005 5.76357 2.89304 2.25231 -1.3826 -1.84674 1.12268 7.49653 11.3038 4.77468 2.2753 7.96357 5.37833 0.521109 0.710856 3.39549 2.0776 -5.53964 -5.43923 6.44728 10.8501 4.59244 -2.94292 -7.72093 -10.8784 -15.2146 -15.8709 -0.916779 13.322 5.56638 -4.68788 -9.55046 -6.87856 -0.630885 -2.36303 2.65255 10.4882 2.78758 -3.35699 -9.45873 -5.17779 10.3869 14.9326 7.49473 2.81859 -0.687221 -1.43962 -10.874 -16.7627 -4.1266 8.75302 8.2626 4.60294 0.213542 -0.0222083 -2.2867 -5.28737 -7.83958 -2.84658 5.14065 5.2541 -0.145136 0.398325 4.13899 8.51424 5.34566 3.17557 2.37821 -1.37249 -2.06274 1.74878 12.5452 18.506 7.43779 4.09484 12.3646 8.04124 0.724215 -0.176839 5.03658 2.69467 -10.5198 -8.48308 10.5572 17.3563 6.19256 -4.79715 -12.9069 -19.3026 -24.6806 -25.2377 0.360433 21.6095 8.55059 -7.88996 -17.0635 -9.50846 -1.13901 -3.64492 5.92043 16.0118 4.05067 -5.91226 -15.7217 -7.78031 16.8542 23.5918 12.4154 3.05996 -1.19263 -3.85998 -18.1889 -26.1091 -6.0963 12.9375 13.8198 7.03151 -0.0328726 -0.546382 -3.86294 -8.4095 -12.5984 -4.79029 8.08338 7.75646 0.643715 0.393087 7.00388 14.3443 8.35663 4.40886 2.64146 -2.66568 -3.34941 1.37705 10.9642 15.0478 6.07913 4.39315 10.3985 6.91131 0.651742 -0.0422262 3.6676 1.4812 -8.98802 -7.92386 9.05587 14.9662 5.53539 -4.91845 -11.5522 -16.24 -21.0779 -21.3055 0.596092 18.2469 6.90539 -6.28631 -13.8703 -7.29806 -0.283688 -2.27272 6.09126 13.4022 3.94992 -5.65736 -14.1206 -5.87957 14.5477 19.9834 10.1146 2.40208 -0.905475 -3.32619 -15.9002 -22.5962 -4.85277 11.2055 11.416 5.60235 0.707542 -1.13947 -3.09906 -6.99886 -10.2407 -3.26393 6.41856 6.11675 0.474789 0.352755 5.98897 12.3651 7.2768 4.21216 2.07893 -2.73128 -2.21386 1.23741 9.07448 13.7599 5.87838 3.13337 9.46473 6.35043 1.28462 0.0356724 3.58997 1.61342 -6.78466 -7.19696 7.61269 13.4538 4.50512 -3.80054 -9.82051 -13.8964 -18.3688 -19.0102 -0.18825 16.3984 6.47639 -5.44948 -11.6643 -7.00632 0.295227 -2.07163 3.95122 12.2394 3.23926 -4.10417 -11.2482 -6.39888 11.9407 17.9729 9.44179 3.07126 -1.37099 -2.79345 -12.6915 -19.0002 -5.29131 9.57971 10.1875 5.14599 0.652286 -0.041258 -2.50077 -5.58181 -9.15166 -3.53063 6.01012 5.70221 -0.220505 0.27575 4.49153 10.7936 6.54472 3.58498 2.19355 -1.70883 -2.56773 1.64793 12.6978 15.8103 6.30156 4.44031 11.6163 6.63112 1.00798 0.613913 3.94739 1.85355 -9.86908 -7.44463 9.97863 16.1851 5.27442 -4.65929 -12.0266 -16.8715 -23.0738 -21.9695 1.39701 19.0544 7.23493 -7.59408 -15.2755 -8.60905 0.0592432 -2.80671 6.73434 14.6463 3.86152 -5.49442 -14.6244 -5.61311 16.4282 21.1441 11.1762 3.17432 -1.25582 -3.18503 -17.1777 -23.3185 -4.22786 12.1594 12.0518 5.54306 0.511026 -0.801846 -4.21948 -8.24867 -11.1528 -3.9855 7.25422 6.35698 0.2028 0.338574 6.78308 12.3055 7.24911 4.54638 2.9444 -3.39658 -2.3791 1.89975 12.0915 16.859 6.19949 4.43672 11.4296 7.37671 1.19397 0.428628 4.24669 1.98319 -9.01262 -7.30155 9.76203 16.1892 5.31801 -4.58286 -11.3951 -16.8291 -22.1688 -22.5221 0.0880651 18.8448 7.51264 -6.62947 -14.8991 -8.62767 -0.605087 -3.3659 5.8876 15.174 3.43945 -5.27567 -14.115 -6.69319 15.7723 21.3799 11.581 2.83695 -1.32393 -3.56114 -16.6335 -23.1198 -5.33744 11.3948 12.1448 6.00531 0.435266 -0.631131 -4.23138 -7.95048 -11.4379 -4.45717 7.16639 6.46462 0.688173 -0.461214 6.55043 12.4451 7.43436 4.58787 2.6053 -2.80278 -2.61545 1.81578 15.2081 20.9122 7.85319 5.4147 13.687 8.68102 1.54577 0.50815 5.86287 2.69358 -11.6336 -9.80218 12.5316 19.4908 6.27035 -6.17155 -15.3255 -21.8484 -28.4908 -28.6098 1.21339 24.0305 9.02133 -9.26826 -18.4157 -10.5612 0.131477 -4.18526 7.76627 18.0887 4.47398 -7.03698 -18.7717 -8.17559 20.0662 26.3347 13.6048 3.42779 -1.82902 -4.46738 -21.6571 -29.1224 -6.50713 15.1086 14.7018 7.06783 0.158871 -0.819655 -4.83403 -9.38099 -13.3995 -4.6358 8.93033 8.4505 -0.196017 -0.0986699 7.9654 15.3848 9.41238 5.3599 3.17474 -4.14425 -3.44707 2.62877 15.4625 21.5344 7.82841 6.00813 14.2207 9.45787 1.01274 0.223026 5.60136 2.11553 -12.6141 -10.0375 13.2685 20.624 6.83626 -5.95481 -16.1496 -22.6829 -29.4874 -28.9952 1.00449 24.4269 9.71735 -9.2192 -19.9159 -11.3023 -0.512916 -3.85684 7.31871 18.9222 4.85452 -7.30458 -19.6245 -7.8186 21.2272 27.4077 14.3057 3.29241 -1.31436 -4.96176 -22.4185 -31.3096 -6.05383 15.0125 15.8829 7.5614 -0.0761756 -1.55249 -4.67705 -9.69107 -13.8451 -4.86778 9.6829 8.20175 0.274092 -0.456161 8.31493 16.8832 10.0746 6.0442 3.24881 -3.97602 -3.15163 2.02019 12.3825 17.5024 6.38274 3.88835 11.86 8.14834 0.689199 -0.136926 4.34657 2.80718 -9.93242 -8.10346 10.2635 16.4234 5.95903 -4.45479 -12.1082 -17.8506 -23.4568 -23.5127 0.0803989 20.4746 7.80207 -7.31726 -15.8296 -9.71535 -0.446488 -3.00805 6.03088 15.4555 4.26436 -5.42397 -15.2323 -6.66318 16.21 22.2373 12.0151 2.88611 -1.46879 -3.24643 -18.1071 -25.0166 -5.30286 12.6154 12.7523 6.05366 0.30214 -0.816303 -3.68269 -8.4257 -11.7269 -4.06609 7.96373 7.11838 0.0667185 -0.185987 6.59571 13.7498 7.77378 4.2431 2.56658 -2.5294 -2.19959 1.84668 9.46562 12.6155 3.94858 3.53236 8.08332 5.06198 0.475888 0.149503 3.59097 1.42621 -6.68616 -5.60071 8.28811 11.2893 4.03769 -3.56279 -9.16865 -12.9286 -17.1004 -16.3212 1.82283 14.3734 5.53779 -5.8003 -10.9198 -5.4559 -0.466977 -1.89352 5.14215 10.2912 2.65355 -4.22199 -11.3138 -4.15459 11.9896 15.3232 8.25339 1.84324 -0.69001 -2.65039 -12.4947 -17.3462 -2.6106 9.14671 8.81634 4.12928 -0.0113235 -0.306567 -2.82734 -5.82062 -7.49359 -2.04233 5.18839 4.61327 -0.217091 0.337751 4.91994 9.0365 5.39215 3.08626 1.62978 -1.87464 -1.34882 1.5323 11.1812 16.4605 6.22105 4.44883 10.4654 7.69353 0.763568 0.601674 4.0271 2.32508 -9.15609 -7.75669 9.24187 15.4186 4.94113 -4.65916 -11.5087 -16.251 -22.267 -21.6699 0.535541 18.7084 7.624 -6.65696 -14.6751 -8.02877 0.154075 -2.76961 5.79505 14.6413 4.23019 -5.27303 -14.4162 -6.42097 15.5653 20.779 10.9859 3.27781 -1.39563 -3.06269 -16.32 -22.9463 -5.27631 11.8428 12.2628 5.67813 0.12414 -0.448698 -3.93319 -7.39307 -10.4959 -3.85449 7.46506 6.17124 0.0446298 -0.0334579 5.67113 12.1394 7.09532 4.54715 3.1317 -3.19408 -2.62511 
1024 1
-0.884036 -4.4876 -9.64186 -8.77595 -2.27136 -0.386353 -2.43768 -0.551865 -3.88442 -9.22746 -12.0862 -5.78828 2.15607 -4.29056 -7.13084 -3.01347 -3.25352 -1.6742 -0.975464 5.48842 10.4909 3.06209 -1.76176 -2.08803 2.92701 12.5739 13.0025 11.4755 14.6285 14.538 8.35611 1.88977 5.56672 15.7252 13.8072 5.28455 10.6202 11.3251 6.24798 0.765676 2.13105 7.13733 6.90658 -1.33981 1.75199 5.54804 -0.198788 -0.412714 -0.803369 -0.645047 -2.81389 -14.7994 -9.22293 2.78203 0.774734 0.746903 -0.568182 -1.2948 -6.06161 -18.5258 -20.2822 -3.41997 3.82514 2.30946 -0.389733 -2.36136 -6.14294 -6.10306 -1.11771 0.0968769 -1.42866 -0.243582 -1.98377 -6.31551 -8.13026 -2.88843 1.30335 -2.45046 -4.28735 -1.40826 -1.79357 -0.964101 -0.0244694 3.82329 6.6936 1.68905 -1.03227 -0.585048 2.60289 8.40396 8.77301 7.0815 9.22216 9.08024 5.63118 1.16907 3.80843 10.371 9.06352 4.08651 7.42474 7.64139 4.1862 1.16065 2.27493 5.30656 4.79502 -0.917985 1.20735 3.26065 -0.0813656 0.0822399 0.270712 0.50142 -1.74014 -8.97383 -4.93384 2.08836 0.664549 0.896427 -0.0383731 -1.18522 -3.75388 -12.0977 -12.9166 -2.34193 2.09473 1.57063 -1.94675 -8.58508 -17.4595 -16.3033 -4.11713 -1.86198 -3.25475 -1.25531 -6.93441 -17.4076 -22.4979 -9.29959 2.01948 -8.00483 -12.2841 -5.4102 -6.24978 -4.10477 -1.45997 8.33938 17.0711 4.03657 -4.08537 -3.77744 5.37501 21.7816 22.2821 19.4048 25.5646 24.8135 14.5865 1.76711 10.7185 28.808 22.7331 9.75695 18.6865 19.7508 11.3269 1.81203 4.34902 13.8938 11.4616 -3.11298 3.86231 9.13394 0.241928 -0.924463 -1.17052 -0.41727 -5.25675 -25.7577 -14.1826 3.2904 1.05031 0.50159 -0.949818 -2.93662 -11.7057 -34.6314 -34.4793 -5.42715 6.02927 3.11525 -0.635508 -4.25635 -9.28461 -8.11184 -1.5458 -0.90193 -1.96937 -0.240576 -3.95849 -9.10991 -11.5434 -4.43562 1.03368 -4.15738 -6.32544 -2.13037 -3.37384 -2.35887 -0.847277 4.62779 8.80436 2.79234 -1.73956 -2.08552 3.44265 11.5667 11.9555 10.3651 14.062 12.786 7.43393 1.37634 6.71696 15.9042 12.7155 5.56524 9.58949 9.97189 6.14387 0.979582 3.06445 7.07619 6.47951 -1.10971 2.56308 4.54267 0.419438 -0.0756459 -0.332299 0.454529 -2.84722 -13.2133 -6.93692 1.70738 1.0593 0.648548 -0.610194 -1.38377 -6.30307 -18.7655 -17.6268 -2.25896 3.50239 2.25758 -0.382362 -4.20729 -9.61343 -7.8604 -1.36207 -0.188446 -1.93391 -0.727385 -3.97626 -9.03834 -11.6371 -4.61235 1.8702 -3.97894 -6.31108 -2.86334 -3.21965 -2.25894 -0.791717 4.57629 9.15713 3.27607 -1.22835 -1.36567 3.04086 11.5189 12.5617 10.1147 13.2033 13.3052 8.10877 1.88191 5.52853 14.7623 12.863 4.74692 10.1002 9.99958 6.08665 1.5243 2.59163 6.71336 6.41814 -1.89964 1.85944 4.48158 -0.0359314 -0.383276 -0.645222 -0.241348 -2.69992 -13.1253 -8.14855 1.71273 0.626333 0.963334 -0.364451 -1.5393 -5.552 -17.6681 -17.6873 -2.82961 3.42345 1.79305 -0.436646 -4.15999 -9.30425 -8.44247 -1.83951 -0.0101287 -1.69633 -0.302462 -3.01702 -8.97382 -12.1926 -4.94079 1.30517 -3.59644 -6.39189 -2.84913 -2.68656 -2.76107 -0.558999 3.80356 8.94336 2.76856 -1.33674 -1.51862 2.91709 11.3458 11.8974 10.306 13.2199 13.691 8.17866 1.88924 5.03096 15.3719 13.0278 5.54618 9.94001 11.1007 6.50616 1.12229 2.69563 7.36967 6.9129 -0.831196 2.44953 5.68513 -0.0216316 -0.140691 -0.14814 -0.421907 -1.86025 -12.1619 -8.15718 2.53206 1.10441 0.3556 -0.56196 -1.7785 -5.28352 -17.2805 -18.3183 -3.39421 3.33256 1.8687 -1.73641 -7.15149 -15.0863 -13.3929 -3.24364 -1.48573 -2.53269 -1.85521 -5.81977 -14.9625 -18.659 -8.09821 2.47469 -6.97666 -10.6366 -4.3138 -5.4797 -3.43637 -1.40829 7.4204 14.3986 3.58496 -2.78746 -2.82968 4.55867 18.2003 18.5586 16.43 21.6967 20.8217 12.0534 2.11011 9.59644 24.8196 19.7608 8.18302 16.2494 16.3138 9.45507 1.66427 3.77241 11.2893 9.78629 -2.92101 3.16954 7.61489 0.167297 -1.0173 -1.27858 -0.65857 -4.24886 -21.4462 -12.5279 3.38081 0.696271 1.02819 -0.598705 -2.61516 -9.52491 -29.474 -29.2499 -5.109 5.63383 3.39016 -1.52806 -6.73764 -12.6765 -11.7337 -2.78709 -1.48622 -2.33493 -1.14449 -5.36083 -12.1635 -15.7893 -6.38449 1.49476 -5.82392 -8.34655 -3.81964 -4.16959 -2.63361 -0.217866 7.26108 12.1519 3.13631 -1.945 -1.86513 4.4794 16.2906 15.8574 14.1331 18.8824 17.481 9.99962 1.28966 7.87087 20.3011 16.2082 6.96217 12.8449 14.1715 7.51861 1.16996 3.65589 9.9197 8.55621 -2.14425 3.4866 6.59777 -0.502972 -0.70552 -1.01436 0.0506505 -4.41417 -18.8543 -11.0035 2.34925 0.786817 0.912227 -0.373991 -1.77343 -8.98211 -24.7153 -24.0999 -4.10901 4.81957 2.50712 -1.08602 -5.56958 -10.6731 -10.2139 -1.91511 -0.268178 -1.86754 -0.982578 -4.08992 -10.2671 -14.1792 -6.16978 1.69127 -4.62941 -7.14841 -3.1809 -3.87596 -2.68098 -1.31525 5.13325 10.9109 3.3907 -1.40449 -2.2509 3.20169 13.1347 13.9416 12.0291 15.8015 16.2332 9.45341 1.75201 7.02089 17.6958 15.4923 6.55172 11.2297 12.568 7.11019 1.62276 2.61741 8.48991 7.59388 -1.64881 2.64585 5.8561 -0.251138 -0.997815 -0.46695 -0.62533 -3.40209 -15.9481 -9.70395 2.27907 0.790615 1.10831 -0.66159 -1.60264 -7.28109 -20.7418 -21.9695 -3.72324 3.59719 2.64041 -0.820376 -6.4816 -14.1027 -12.0228 -2.36863 -1.05562 -3.03423 -0.780012 -5.83889 -13.6542 -16.9715 -6.70285 2.00718 -6.21438 -9.40245 -3.9347 -4.33026 -3.17211 -0.822973 7.28068 13.2677 3.62702 -2.80589 -2.98465 4.84412 17.0275 17.0628 15.0097 20.0732 18.9461 11.0834 1.98984 9.09935 21.9844 16.8235 7.26497 14.607 14.2188 8.08015 0.860022 3.97929 10.7397 8.1778 -2.89405 3.35277 6.60742 -0.0819052 -0.272449 -0.472658 0.0862557 -4.99558 -20.1578 -10.2989 2.86036 0.970556 0.45616 -0.682762 -2.46128 -9.5642 -27.1745 -25.1681 -4.0458 4.4784 2.90125 -1.41727 -6.64775 -13.1737 -12.5614 -2.80429 -1.40162 -2.90444 -1.71158 -5.02372 -13.1128 -17.2843 -7.65813 2.25643 -5.67159 -9.63329 -3.5376 -4.43116 -3.54454 -1.28387 6.58516 13.1706 2.98157 -2.29022 -2.64372 4.12375 16.2767 17.4392 14.7605 19.1629 18.4707 11.45 1.88955 8.35771 22.2535 17.884 7.99732 13.4922 15.1469 9.16958 1.68671 3.43485 10.0867 9.24956 -2.63422 3.47284 7.26866 -0.454654 -0.693644 -1.10588 -0.360538 -3.87302 -19.8843 -11.198 3.05365 0.698723 1.04203 -0.394702 -2.3004 -9.52283 -26.6491 -26.199 -4.80295 4.79398 2.49928 -1.28511 -8.81406 -17.8324 -14.7041 -3.87995 -1.9956 -3.22525 -1.83718 -7.16792 -16.7317 -21.3423 -8.82742 2.16119 -7.72602 -11.2816 -4.72315 -6.27714 -3.75611 -1.03054 8.82559 16.3166 3.79899 -3.4007 -3.44951 5.7044 21.1177 21.1598 18.5402 24.3949 23.1596 13.3156 1.90169 10.6324 27.515 21.545 9.21446 17.6362 18.7606 10.832 1.8556 4.58363 12.8238 10.3678 -3.78252 4.49603 8.87084 -0.0636109 -0.656378 -0.9837 -0.722593 -5.90688 -25.3334 -13.8778 3.77659 0.919848 0.261661 -1.44133 -3.25211 -12.0056 -33.4935 -32.781 -5.10128 6.14597 3.80296 -1.31657 -9.27826 -18.1927 -15.8179 -4.11653 -1.88497 -3.6708 -1.53702 -7.07441 -17.4026 -22.0302 -8.87052 2.17834 -8.30165 -12.0203 -5.34356 -5.79256 -4.6044 -1.23088 8.80888 17.2867 4.01608 -3.62198 -3.96339 5.72991 22.0307 22.0793 19.8252 24.9119 24.54 14.361 1.6652 11.3865 28.328 22.6596 8.98131 18.2768 19.4793 11.1339 1.40834 4.73287 13.3129 10.6372 -3.85343 4.40472 8.83595 -0.337143 -1.11299 -1.13688 -0.22946 -5.97814 -26.2038 -15.0156 3.19616 0.941571 0.680894 -1.13008 -3.26141 -12.549 -34.9146 -33.7914 -5.01332 6.01867 3.82626 -1.54212 -7.22639 -14.1478 -12.5707 -3.29026 -1.08719 -3.13156 -1.1293 -5.23286 -14.2483 -17.7693 -7.40412 2.29046 -6.55009 -9.9967 -4.11131 -5.16952 -4.00664 -1.67515 6.91927 13.362 3.77725 -2.48679 -2.62951 5.01299 18.1136 17.7449 16.2266 20.9727 20.2503 11.8573 1.54344 8.31021 23.294 19.2906 7.5161 14.4201 15.3576 9.49432 0.946685 3.63518 11.1763 9.74869 -2.93887 3.69301 6.91601 0.0801094 -1.22076 -1.30569 -0.184432 -4.61672 -20.9949 -11.9961 2.71725 1.09611 0.552871 -1.18427 -2.74576 -9.8318 -28.4002 -28.3906 -5.00621 4.62855 2.5758 -0.738226 -5.35441 -10.374 -8.22866 -1.94849 -1.19607 -1.44171 -0.548547 -3.6728 -9.74914 -11.9736 -4.14856 1.50271 -4.70478 -6.05018 -2.21692 -3.50498 -2.28808 -0.924879 5.7079 9.73516 2.83118 -1.3084 -1.46615 3.39324 12.5867 12.7492 11.0968 14.4083 13.415 7.81215 1.73318 6.6608 16.7267 12.8311 5.85851 11.0059 10.8119 6.16913 1.27541 2.72478 7.63919 6.24553 -1.43294 3.04975 4.98348 0.292677 -0.0336869 -0.104182 0.196287 -3.52369 -14.8749 -7.24355 2.26057 0.500056 0.969664 -0.32844 -1.82832 -7.44535 -19.5856 -18.839 -2.54592 3.90466 2.30074 -1.58446 -6.40929 -13.6143 -11.4971 -3.12324 -0.847645 -2.45646 -1.50764 -4.85732 -13.2506 -17.1379 -6.78646 2.14051 -5.5027 -9.00405 -3.63451 -4.35441 -2.68131 -1.28541 6.65178 12.762 3.41985 -2.63086 -2.9062 4.49022 16.3655 16.3309 15.2257 19.4057 18.9267 10.9502 2.18834 8.28396 22.0901 17.6882 7.39742 13.9728 14.4437 8.69467 1.45869 3.74821 10.5355 8.37461 -2.51907 3.19374 7.02582 -0.511868 -1.01924 -0.576643 -0.6434 -4.31275 -19.6446 -10.9117 3.08591 0.499604 0.46387 -1.10169 -2.32328 -9.26865 -25.5227 -25.9773 -3.89793 4.8612 3.12021 
1024 1
0.90848 2.19775 4.73886 2.50625 2.41918 7.96277 7.9365 2.78764 1.53398 2.07124 2.31511 -1.83556 -1.45016 7.6214 9.39391 4.89816 -0.821232 -4.95949 -9.54083 -10.7757 -8.59259 1.94579 5.86599 2.71944 -1.23408 -5.67044 -6.30553 -1.44521 -0.513053 1.57158 2.15218 0.031822 2.04292 3.09768 5.26279 7.6055 4.01385 -4.63204 -6.83279 -4.03549 4.09551 5.74392 8.60899 9.49204 -2.05469 -16.2006 -14.2129 -3.87521 1.78929 2.04412 1.72232 5.1611 4.3513 -0.668337 2.03467 5.02271 0.312242 -0.391547 -4.65865 -7.4654 -3.23334 10.9099 18.2913 8.47563 1.05167 1.20234 3.1068 1.5762 1.55369 5.58332 5.55498 1.58851 1.04991 1.71306 1.14051 -0.698794 -0.548959 5.39044 5.54651 2.88919 0.312617 -3.2857 -5.48665 -7.36638 -5.25647 1.46398 3.88197 1.89531 -1.09429 -3.84965 -3.69126 -1.45402 -0.123679 1.56983 1.7531 0.288268 1.46921 1.99431 3.35747 4.6137 3.05615 -2.34986 -4.19344 -2.46413 2.4162 4.02424 5.14213 5.9997 -1.17277 -10.7157 -8.7563 -2.37048 1.40726 1.2152 1.71213 3.70649 3.25035 -0.17237 1.62405 3.54634 0.616799 -0.537624 -3.42345 -4.41809 -0.945714 6.71181 11.2812 5.44939 0.498468 3.05149 8.0129 3.90742 3.84152 14.6514 13.2147 3.55759 1.33367 3.50347 3.29221 -3.44438 -1.35163 12.8371 15.5481 7.40856 -0.667421 -9.07785 -16.4652 -19.988 -13.6452 4.63252 10.7309 4.36581 -3.23198 -9.96705 -10.9993 -4.42303 -1.85715 3.67375 3.10841 -1.12411 3.33934 5.18903 9.92881 13.0701 7.14613 -8.10251 -11.0242 -7.17099 6.5491 10.2015 14.4617 15.7234 -4.14155 -29.2661 -24.8772 -6.49061 4.02147 2.81031 3.84736 9.74923 7.25495 -1.58349 3.06998 6.94487 0.669678 -1.91312 -9.49374 -12.5628 -4.08565 18.8081 30.6515 13.5918 0.512023 1.99509 4.08801 1.81916 2.23796 8.23209 7.3654 2.75478 0.695598 1.96553 2.15996 -1.65512 -0.106219 7.15999 7.74114 4.01986 -0.569484 -4.90121 -8.7159 -11.0045 -6.4291 2.34665 5.42183 2.37977 -1.12672 -5.16565 -5.4345 -2.16293 -0.494753 1.75205 1.78225 -0.612102 1.73173 3.36482 5.28053 7.44124 3.61795 -3.49374 -5.45988 -3.28049 3.44974 5.8204 7.51333 8.70167 -2.83623 -15.5887 -12.7759 -3.23787 2.17514 1.6207 2.38183 5.12435 4.00175 -0.640317 2.1359 4.31853 0.244875 -1.09917 -4.32725 -6.00804 -1.76666 10.7679 16.9274 7.71672 0.518334 2.01734 4.89749 2.62397 1.88133 7.8992 7.50021 2.51292 0.78847 2.38206 1.79939 -2.03753 -0.31637 7.31964 8.33599 3.98404 -0.148407 -4.02053 -8.07776 -10.2068 -7.16197 2.41975 5.60684 2.68136 -0.888316 -5.23757 -5.53068 -1.79281 -0.166313 2.14165 1.6341 -0.414693 2.13073 2.92962 5.01237 6.79393 4.26853 -3.80633 -5.76691 -3.96718 3.46854 5.37343 7.4756 8.14712 -2.14768 -14.812 -12.9484 -2.83325 2.3552 1.51703 2.21553 4.73013 3.32208 -0.327846 2.27601 4.78578 0.976875 -1.11687 -4.69208 -6.16419 -2.13991 10.4328 16.0745 7.49541 0.171764 1.61617 4.5304 2.79578 2.10563 7.46801 8.04176 2.20497 1.01322 1.79075 1.96729 -1.25814 -1.43441 6.16467 8.55115 4.49979 -0.206044 -3.65899 -7.7436 -10.0481 -7.70461 2.07345 6.17372 2.74782 -0.851946 -5.49607 -6.16079 -2.10244 -0.85079 1.62248 1.52817 0.412742 1.69388 3.23875 5.28064 6.76549 3.74576 -3.40927 -5.70222 -3.35589 3.97971 5.19223 7.39022 8.89208 -1.5979 -14.5474 -13.3806 -3.30339 2.40077 1.80701 2.00603 5.04239 4.00609 -0.525357 1.38343 3.85288 0.96366 -1.14228 -4.19033 -5.98166 -2.5226 10.0662 16.7634 8.2936 0.900884 3.08129 6.78861 3.52543 2.88439 12.7093 11.6212 3.32731 1.88327 3.59021 2.67945 -3.29615 -0.927082 11.4947 13.3871 6.23009 -0.718408 -7.78913 -13.2224 -16.5637 -11.4148 3.79629 8.90808 4.27473 -2.28743 -9.03433 -9.31822 -3.81813 -2.19477 2.8905 2.0614 -0.332332 2.9355 4.51783 8.16309 10.8251 5.6487 -6.00455 -9.5836 -6.1672 5.94027 9.20663 11.9275 13.1948 -3.17765 -24.3852 -21.9227 -5.69224 2.76 2.63014 3.40344 7.77259 6.10655 -1.60212 2.59815 6.19679 0.61958 -1.70895 -7.86503 -10.4281 -3.18412 16.2251 25.9931 12.0479 1.01722 2.9081 6.49202 2.14349 2.92717 10.5686 9.60251 2.98446 1.03789 2.6035 2.63877 -2.3341 -1.11757 9.92859 10.7329 5.12684 -0.393683 -6.59665 -11.7887 -14.5407 -9.4083 3.06292 7.93478 3.07163 -1.85532 -7.44751 -7.44244 -2.53542 -0.900901 3.15578 1.82215 -0.445143 2.42294 3.8559 7.18089 9.20942 4.83393 -5.6409 -8.0677 -4.5296 4.43131 7.65246 10.6392 11.0415 -3.30282 -20.803 -17.5457 -4.63564 2.57797 1.41426 3.17335 6.45858 4.86897 -0.887175 2.54738 5.19089 0.741093 -1.76158 -6.549 -9.25927 -3.33286 14.6077 22.6859 10.0605 0.281827 2.15002 5.67932 2.93054 1.73167 9.17952 8.96435 2.45152 0.76515 2.15992 2.04976 -1.97462 -1.47385 7.44071 10.1297 4.74722 -0.768846 -5.33767 -9.98577 -12.1318 -8.75298 2.73634 7.22253 2.97133 -2.04332 -6.095 -6.66661 -2.641 -1.26966 2.28662 2.54971 -0.224945 2.39683 4.11692 5.79949 8.67112 4.75192 -4.396 -6.66974 -4.12746 4.6357 6.54319 8.72207 10.4218 -1.9362 -17.5158 -16.1859 -3.98537 2.21599 2.15457 2.30758 6.52756 5.10575 -0.176379 1.6579 5.28497 0.488806 -0.482416 -6.01581 -7.43707 -2.87009 11.1351 19.3686 9.04947 1.235 2.94411 6.22813 2.5705 2.79992 11.1727 10.036 2.69478 1.54206 2.84037 1.91631 -2.49275 -0.94244 10.4366 11.6464 5.45508 -1.01802 -6.7358 -12.3814 -15.0569 -9.72433 4.32185 8.29135 2.97824 -1.95526 -7.48484 -7.82191 -2.87153 -0.709634 2.69007 2.35472 -0.162643 2.59713 3.9867 7.57623 10.4372 4.68116 -6.09763 -8.17704 -4.60763 5.76426 7.58316 11.5808 11.5554 -4.02866 -22.8104 -18.2286 -4.30253 2.7805 1.72384 3.61288 6.99545 4.93035 -1.08306 2.54933 5.52771 0.47064 -2.05869 -7.11446 -9.85496 -2.92675 15.4169 23.2571 10.6154 0.773128 2.81706 6.51191 3.2574 2.46576 11.2785 10.8593 2.89766 1.60699 3.26738 2.52774 -2.93041 -1.19605 9.68581 12.0354 5.69298 -0.424816 -6.57723 -12.0589 -15.6246 -10.0135 3.65933 8.06565 3.33965 -2.69977 -8.17205 -8.416 -3.22884 -1.47501 2.94424 2.16024 -0.866131 2.06477 3.93671 7.85827 9.85014 5.66397 -5.36583 -8.50658 -5.06465 5.2507 8.52668 11.2128 12.1905 -3.31208 -22.1047 -19.1205 -4.39535 2.46831 1.59785 2.89866 7.8925 5.83028 -1.37862 1.93053 5.27831 0.534036 -1.21989 -7.1045 -8.97139 -3.12449 14.8671 24.0328 10.7818 1.20905 3.88428 7.43432 3.57657 3.87242 14.0665 12.7818 3.69173 1.66362 3.10998 2.64943 -3.41971 -1.06693 12.8528 14.663 6.88725 -0.820078 -8.5774 -15.4882 -19.1799 -13.4208 4.76092 10.3 4.12875 -2.8454 -10.1776 -10.6545 -4.05561 -1.32031 3.24335 2.86434 -0.490089 2.57315 5.67244 9.4263 12.9304 6.01678 -7.38576 -11.2752 -6.25102 6.83316 9.97606 13.8218 14.6983 -4.98517 -28.8104 -24.1851 -5.74095 3.90362 2.50931 4.06665 9.55234 6.59191 -1.83444 2.91891 6.87318 0.401425 -1.98482 -9.32357 -12.4651 -3.47711 18.3173 29.9234 13.3985 1.10651 3.45801 8.47339 3.02684 3.46684 15.085 13.8941 3.57093 1.60763 3.5087 3.0473 -3.92088 -1.30461 13.2364 14.7009 6.81373 -1.35861 -9.2245 -16.7594 -19.9661 -13.6263 4.22604 9.98623 4.65953 -2.69364 -10.4383 -10.6046 -3.57069 -2.05608 3.70666 2.93191 -1.20057 2.62622 5.62521 9.40793 12.7274 6.35361 -8.58033 -11.6 -6.46163 6.57271 10.7982 14.0784 15.5958 -4.84554 -29.805 -25.2367 -6.10297 3.99132 1.96999 4.16965 9.38034 6.87734 -1.37567 2.8248 7.33386 0.956434 -1.74539 -9.92118 -13.0956 -3.85583 19.9478 30.4582 13.7175 0.608648 2.69533 7.07159 3.34159 2.79462 11.57 11.3321 3.63672 1.09119 3.64644 2.78588 -2.76754 -1.28976 10.6414 12.0769 5.43722 -0.511103 -6.93565 -13.1906 -16.5557 -11.6466 3.4464 8.81003 4.0748 -2.51505 -7.94063 -8.56825 -3.71368 -1.41041 2.62692 2.76643 -0.953872 2.41113 4.85447 8.25574 10.9184 5.25868 -5.92003 -9.0927 -5.77798 5.60019 8.14451 11.896 12.9801 -3.1012 -23.274 -19.8482 -5.29406 3.09954 1.90844 3.552 7.91325 5.8801 -1.81649 2.21913 5.73136 1.00103 -1.77028 -7.8275 -10.0223 -3.44934 15.9719 25.1123 11.5821 0.959614 2.29866 4.95901 2.27357 2.12889 8.21577 7.23457 2.60004 0.917727 2.54793 1.95634 -1.77465 -0.127497 8.05887 8.27783 3.72161 -0.117042 -4.94227 -8.77586 -11.3169 -6.87068 2.7288 6.10921 2.67142 -1.66772 -5.40181 -6.37784 -1.63971 -0.579834 2.32817 1.78873 -0.259325 1.50037 3.12544 5.59658 7.1318 3.33558 -4.64553 -5.76756 -3.42796 3.74743 6.10617 8.28561 9.07511 -3.45458 -16.6552 -12.9029 -2.77084 2.09447 1.67722 2.61375 6.12693 4.15535 -1.16136 2.232 4.07455 0.927268 -0.994241 -5.64943 -6.84619 -1.94518 12.0402 17.0578 7.33387 0.30378 2.6615 6.09348 2.74848 3.12279 10.7413 9.92429 3.69114 1.61673 2.9068 2.77556 -2.40266 -1.42547 10.1132 11.6091 5.25432 -0.653755 -6.08198 -12.3691 -15.1383 -10.738 3.62343 8.2117 3.7657 -2.22351 -7.24706 -8.34307 -2.68395 -1.21123 2.81378 1.76413 -0.26416 2.72525 4.22639 7.04148 10.0281 5.33329 -5.99075 -8.33402 -5.12026 5.33695 7.90928 10.5945 11.9539 -3.33974 -21.57 -19.1547 -4.39305 3.23876 1.69781 2.93544 7.54901 4.80829 -0.757168 2.55159 5.80981 0.76539 -1.96679 -7.13587 -9.58707 -3.10763 14.2903 23.7006 10.2419 
1024 1
0.651137 5.62006 13.9861 11.2696 7.26501 5.93232 0.250192 -1.96707 -0.0397357 8.29982 15.093 9.37104 3.38284 7.64921 5.17659 -1.34532 -0.536754 9.00325 12.3826 9.7279 8.6967 7.17366 7.74266 0.785023 -0.312316 7.83906 10.6888 -1.82756 2.1572 5.68317 2.61641 0.531797 -1.91702 1.84607 11.1637 -0.219485 -15.803 -12.341 -6.96717 -0.725784 -2.28889 -7.44006 2.78221 4.58678 -12.9141 -22.8744 -12.3954 -2.31953 -1.35588 -10.3731 -11.5874 -0.473769 -5.96964 -17.3774 -10.406 -1.5759 -0.224855 -4.90073 -13.9731 -10.8763 -1.33419 -2.5031 -5.71183 -0.853527 0.817795 3.69217 9.18992 7.74919 5.13871 3.86845 0.272283 -0.991609 0.958005 5.49106 10.1857 5.93365 2.30756 4.75867 3.77057 -1.00877 0.155776 6.19391 7.84369 7.12876 6.27096 4.60503 5.03815 0.586495 0.524254 5.37521 7.18377 -1.0705 2.20579 3.31275 1.93026 0.898054 -1.13371 1.77577 6.87185 -0.208846 -9.62089 -8.02219 -3.69227 -0.143463 -1.88817 -3.9462 2.04973 2.72017 -8.39952 -14.1126 -7.22269 -0.899075 -1.28733 -6.64751 -6.69755 -1.01807 -4.10021 -11.2135 -6.40013 -1.27096 -0.0803354 -3.44509 -8.77368 -6.47768 -1.11885 -1.25674 -3.77309 -0.408673 0.214879 10.6188 24.6775 18.8469 12.5971 8.7128 -1.27034 -2.68891 0.184231 15.4706 24.8408 15.6234 4.85837 12.3323 8.18149 -3.38273 -0.387321 16.2226 20.3705 17.8591 14.5397 12.5508 11.6121 -0.135934 -0.0733382 15.3726 17.7643 -4.50445 5.07053 9.4644 5.2599 0.706561 -3.18671 4.31229 18.2684 -2.64124 -28.2653 -20.6281 -11.6126 -1.95107 -5.35628 -12.3333 6.2838 5.83682 -24.8982 -39.4302 -20.5911 -3.60742 -4.23663 -18.576 -18.8413 -2.25189 -11.836 -31.7683 -18.0752 -3.07463 -0.831843 -10.543 -26.1701 -17.242 -4.21841 -5.83529 -10.3931 -2.41364 0.0986566 6.31224 13.1765 10.2947 6.80914 5.08653 -0.391603 -1.03938 0.722463 9.09911 13.104 8.69478 2.99229 6.56063 4.80735 -1.44991 0.393315 9.59058 10.3368 9.52656 8.14962 7.73865 6.34271 0.626662 -0.048785 8.41035 9.23655 -2.48981 2.53682 5.46118 2.76747 0.71479 -1.40601 3.07309 9.13402 -1.61956 -15.0303 -10.8095 -5.76471 -0.499655 -2.79263 -6.1347 4.16405 3.09741 -13.6893 -20.4678 -10.8156 -1.49136 -1.88112 -9.86241 -9.5334 -1.58329 -6.88472 -15.8873 -9.57757 -1.23198 -0.668178 -5.17962 -12.9049 -8.63702 -1.92683 -3.20214 -5.17022 -0.449183 0.0179287 5.63887 13.8699 10.2317 7.14781 5.07135 -0.318217 -1.68138 0.195186 8.02019 13.0591 8.37568 3.28099 6.53091 4.42555 -1.6489 0.343273 9.02442 11.2766 8.89129 8.0384 7.54692 6.19362 0.8201 0.134562 7.45246 9.77958 -2.43801 2.14457 5.19864 2.18417 0.871375 -1.64126 2.70493 9.07845 -1.4405 -14.9959 -11.4119 -6.53803 -1.0854 -2.4952 -6.80887 3.28707 2.90795 -12.0748 -20.5288 -11.0783 -1.97755 -1.66678 -9.75196 -9.80119 -1.87446 -5.82275 -15.7242 -9.01838 -1.45329 -0.0728094 -4.9944 -12.8303 -9.3712 -1.97708 -2.49763 -5.37544 -0.881697 0.34186 4.84728 13.2505 10.8327 6.63009 5.32981 -0.473356 -1.15211 0.800084 8.14845 14.1926 8.84738 3.08376 6.57397 4.68745 -1.82384 -0.0849577 8.66832 11.3477 9.31142 8.21403 6.32858 6.70164 0.523509 0.196151 7.86214 10.8679 -1.8324 2.39868 5.53015 3.17213 1.31991 -0.77544 1.8501 10.2575 -0.270708 -14.1995 -10.8826 -6.76014 -0.693714 -2.18479 -6.01339 2.67513 3.76291 -11.6998 -21.216 -11.7469 -1.63786 -1.75684 -9.02992 -10.5467 -0.314294 -5.11607 -16.0865 -10.2211 -1.67384 -0.253666 -5.09313 -12.8231 -10.1538 -2.10027 -2.76293 -5.70285 -1.45248 0.437806 9.2557 21.3223 16.4685 10.7193 7.69363 -0.847982 -2.00057 0.294203 13.5915 21.1638 13.7439 4.22003 10.5913 7.48555 -2.84677 0.0643619 13.9139 17.3431 15.0356 12.021 11.1324 10.1024 0.423104 0.114226 13.1119 15.5839 -2.95977 3.7282 8.39206 3.83445 1.19752 -2.2962 3.84696 15.3265 -1.64303 -23.6798 -17.7986 -9.5963 -2.25192 -4.34153 -11.2234 5.67622 5.22777 -20.6763 -33.8855 -17.6499 -3.60782 -2.78601 -16.036 -15.9133 -1.62239 -9.91708 -26.9925 -15.8104 -2.66755 -0.56335 -9.12422 -21.6459 -15.3679 -2.73203 -5.03223 -8.01855 -1.81976 0.909667 7.79813 18.304 13.9665 9.46051 6.63299 -0.202852 -2.30255 0.433396 11.8483 18.3223 11.6856 3.3882 9.24763 5.71546 -1.7739 0.133599 11.9444 14.7528 12.539 10.3347 9.3142 8.3467 -0.0185006 -0.319582 11.3378 12.5632 -3.71657 2.85354 6.40397 3.60066 0.604668 -1.96173 3.07357 12.6535 -2.34717 -20.4637 -14.8778 -8.36493 -1.0324 -3.53312 -9.45882 4.94561 4.32037 -17.4643 -28.1374 -14.7116 -2.54157 -3.05843 -13.4568 -14.0487 -2.18906 -8.8921 -22.4179 -12.8854 -1.76667 -1.22676 -7.02118 -18.6946 -12.6127 -2.86147 -4.04147 -6.6778 -1.16748 0.669346 6.73163 15.3512 12.2643 8.23937 6.14895 -0.477245 -2.03562 0.726272 9.96536 16.6741 10.5163 3.79166 7.97616 5.74016 -1.41732 -0.563542 10.2076 13.1792 11.2829 9.11417 8.26637 8.24472 0.0494192 -0.0817826 9.35579 11.825 -1.95088 2.54536 5.46557 3.13556 0.589581 -1.25409 2.49074 11.7029 -0.616795 -18.0399 -13.1938 -7.4236 -0.99896 -2.60696 -7.74869 3.44938 4.41763 -14.2341 -25.5989 -13.5716 -2.51072 -1.82659 -10.8125 -12.7054 -1.22181 -6.85221 -19.6827 -11.5457 -2.42866 -0.114686 -6.21684 -15.24 -11.5434 -2.3725 -3.4661 -5.98455 -1.52488 0.640182 8.67755 19.8142 14.5061 9.23418 6.92927 -0.783419 -1.84212 0.192028 12.5056 18.9284 11.6852 3.591 10.3252 6.48201 -2.1723 0.175351 13.3781 14.908 13.2051 11.1111 10.2117 8.77949 -0.000925361 -0.0587637 11.9672 13.2978 -3.62952 3.58902 7.2037 4.11154 0.37325 -1.90491 4.31875 14.0949 -2.98873 -22.2252 -16.2621 -8.70922 -1.86571 -4.12304 -9.43095 5.61909 4.06559 -19.6297 -30.2554 -15.6854 -2.81711 -2.71208 -14.4558 -13.9571 -2.3896 -9.74702 -23.4011 -13.3283 -2.42262 -1.32286 -8.40926 -20.1333 -12.7241 -2.42394 -5.41416 -7.03651 -1.42001 0.617796 8.08029 18.9383 14.9899 9.76217 7.17182 -0.123869 -2.53589 0.586652 11.9307 19.3864 11.8123 4.45162 9.96258 6.76083 -2.24256 -0.0630092 12.6906 16.0181 13.3312 11.0889 9.82813 9.65419 0.424519 0.0216302 11.9215 13.1956 -3.24558 3.98179 7.50865 4.14799 1.03971 -2.36569 3.20332 13.7369 -1.82342 -21.0949 -16.0228 -8.43953 -1.6625 -3.39171 -9.48418 5.13372 4.58491 -18.464 -30.1255 -16.1102 -3.25238 -3.12278 -14.2969 -14.1825 -1.89193 -9.2575 -23.5507 -14.1747 -2.58711 -0.750265 -7.85723 -19.2038 -13.2765 -3.2149 -4.54085 -7.64285 -1.54304 0.546257 10.9219 24.1045 18.1734 11.8889 8.52653 -0.584575 -3.14344 0.958055 15.6448 24.4618 14.9167 4.78516 12.004 7.92249 -3.25044 -0.222587 16.3966 18.7456 16.6434 13.6713 12.5353 11.4493 0.508367 -0.00711923 14.6328 16.6366 -4.94289 4.75125 9.04252 4.49129 0.94044 -2.71142 4.99403 16.9128 -2.96783 -27.5606 -19.8623 -11.7572 -2.45243 -4.91293 -11.9725 6.61453 5.74784 -24.3706 -38.2562 -20.1101 -3.3443 -3.30499 -18.2996 -18.5111 -2.89545 -12.058 -29.6077 -16.7664 -3.10167 -1.58968 -10.1704 -24.7567 -16.8476 -3.73481 -5.57089 -9.18019 -1.62229 0.713117 11.1798 25.3142 19.3577 12.6937 9.25027 -1.49493 -3.23921 0.656285 16.1889 24.5681 15.8811 4.57074 12.6187 8.38681 -2.90427 -0.0255356 16.461 19.4821 17.5695 14.9476 12.6142 12.2587 -0.272492 -0.271763 15.2894 16.9785 -4.50245 4.40043 9.4187 4.77841 0.643482 -3.02695 4.56954 17.8517 -3.92337 -28.042 -21.4112 -12.0136 -2.03815 -5.75979 -13.1562 6.77735 5.12729 -24.8861 -39.8544 -20.3578 -3.74347 -3.94572 -19.425 -19.4439 -2.84203 -13.0054 -31.5117 -18.2068 -3.05731 -1.15261 -10.5 -25.8526 -17.745 -3.82281 -5.77601 -9.99751 -1.83736 0.154198 8.60902 20.6195 15.261 10.3952 7.8147 -0.262803 -2.02328 0.245653 12.6628 20.7117 12.2906 4.54773 10.4307 7.0896 -2.86227 -0.00343747 13.0546 16.5767 14.5313 11.5514 10.9454 9.89435 -0.256403 -0.285566 11.6901 13.9973 -3.24103 3.17509 7.3793 3.91884 0.648696 -1.90564 3.46574 14.7838 -2.22019 -23.1061 -17.0099 -9.60319 -1.69576 -3.55263 -10.5679 5.28448 4.96609 -20.3184 -32.1939 -17.468 -2.80925 -2.82149 -14.8532 -15.1864 -1.60971 -9.99823 -25.3552 -14.3455 -3.06505 -0.948313 -8.79737 -20.4199 -14.248 -3.25319 -5.2352 -7.61904 -1.91304 0.429846 6.7236 14.8343 10.7692 7.77913 4.96295 -0.860782 -0.984551 0.603673 10.0877 14.3635 8.80903 2.92606 7.85993 4.35763 -1.23703 0.10189 10.0099 11.4756 10.6792 8.50771 8.19408 6.15596 -0.0705252 0.538597 9.62642 9.91036 -2.98219 3.44813 5.49093 2.72335 0.610629 -1.00142 3.13234 9.91605 -2.08098 -15.9233 -11.8772 -5.8781 -0.439535 -3.40933 -7.09766 4.50108 2.93386 -15.049 -21.7109 -11.3699 -1.64529 -2.55788 -11.1699 -9.88966 -0.98921 -6.90769 -17.2813 -9.14007 -1.16394 -0.64936 -5.78298 -14.955 -9.17136 -1.91367 -3.64772 -4.86736 -1.13322 0.682873 8.51086 18.6489 14.1705 9.96695 7.33999 -0.797565 -1.59973 0.409319 12.1711 18.8116 11.9458 3.9944 9.50576 6.20153 -2.23892 0.0497268 12.2777 15.1644 13.2496 11.318 9.81407 9.1269 0.099075 -0.496922 11.5332 13.4614 -3.37922 2.86304 6.99653 3.83283 1.1808 -2.20219 3.86918 13.2057 -2.43049 -20.9549 -15.9071 -8.9528 -1.93908 -4.11329 -9.34518 5.10332 4.34866 -18.6106 -30.0797 -15.9386 -3.36032 -2.85741 -13.7486 -14.0288 -2.35649 -9.84447 -23.5124 -13.5678 -2.63996 -0.435283 -7.93662 -18.9821 -13.5921 -2.6295 -4.77918 -6.86343 -1.82056 
1024 1
-1.5085 -5.8803 -7.1589 2.05034 -0.201555 -9.86192 -5.13357 -1.33689 -2.63786 -8.06008 -8.8331 5.52633 7.46777 -7.97971 -9.22089 -3.25337 -2.85527 -6.98082 -9.36678 0.272891 11.2192 4.74503 -7.77634 -2.9764 -2.31111 -7.64482 -12.8925 -14.6965 3.38856 10.2245 -0.528304 -2.47121 -1.23836 -8.31035 -17.4306 -22.614 -9.17569 8.15354 8.14232 1.50436 0.142328 -4.95572 -7.69243 -9.41943 -10.1432 4.58732 11.4634 5.80198 2.95088 6.02259 6.55161 7.10161 7.63509 9.89592 15.1134 8.37165 4.20765 10.5195 10.8084 5.70009 5.03009 13.1638 15.6065 7.07492 -0.0667823 -3.65025 -4.26012 1.05704 -0.692367 -6.49331 -3.47412 -0.632073 -1.78174 -5.742 -4.86852 4.0503 4.29603 -5.04053 -5.76161 -1.53654 -1.57996 -4.2991 -5.59236 1.06298 6.44122 2.68678 -4.6723 -1.64029 -1.26618 -4.28248 -8.2983 -8.12303 2.21765 6.558 -0.254457 -1.72615 -1.33418 -5.17239 -11.0211 -14.7258 -5.54056 5.18747 5.28458 0.751969 0.437245 -2.83833 -5.36104 -6.34506 -6.51843 3.53788 7.82531 3.79214 2.47842 3.86488 4.23471 5.35071 4.60586 6.88183 9.79474 6.00008 2.98728 6.83762 7.76395 3.97058 3.40719 8.53157 10.7125 4.58849 -1.90814 -10.377 -12.2817 3.35522 -1.54497 -18.0254 -9.41822 -2.49311 -5.1721 -14.9218 -14.3942 10.0582 10.5754 -15.0982 -16.5199 -5.39302 -5.21372 -13.0492 -16.732 3.37685 17.3388 5.35265 -13.5825 -5.59327 -4.52474 -13.3427 -23.7888 -23.7909 7.29681 15.5434 -1.34161 -4.26281 -3.6466 -16.4446 -30.59 -40.1242 -14.1484 13.4242 12.5312 1.4186 -0.357441 -8.99189 -14.8386 -18.0178 -17.3068 8.635 18.8616 8.23399 5.48038 9.04806 11.8235 12.5444 11.7578 17.532 24.8801 14.4487 7.00549 18.5414 18.8638 9.40371 9.85483 24.1437 27.0056 11.5679 -0.672796 -5.2035 -6.33787 2.05177 -1.33405 -8.59145 -4.55476 -0.66838 -2.65629 -8.35015 -7.75113 5.16479 4.81398 -7.78748 -8.69021 -2.43959 -2.72214 -7.20823 -8.75527 1.95021 9.29055 2.49586 -6.5202 -2.37308 -2.13088 -7.34822 -12.4035 -12.1141 3.52846 8.3355 -0.511547 -1.50819 -1.8672 -8.17553 -15.8046 -20.709 -6.14348 6.8197 6.70263 0.748778 0.0244283 -4.48844 -7.67953 -9.07434 -8.34203 4.76999 9.58203 4.28436 3.43813 4.83927 6.01954 6.82165 6.17585 9.36227 13.1842 7.55716 3.97908 10.431 10.6049 4.62089 5.46293 12.9589 14.097 6.77456 -1.11411 -4.65612 -6.3282 1.18946 -0.618826 -9.36284 -4.95236 -0.739659 -2.92899 -7.32892 -7.56589 5.27171 5.95383 -7.06202 -8.321 -2.84172 -2.84707 -6.27467 -8.23443 1.04272 9.65776 2.80488 -6.7547 -3.29992 -1.4619 -6.61812 -12.4922 -12.3893 3.13989 8.42632 -0.108104 -1.95802 -1.59574 -8.29657 -15.7422 -20.3158 -7.38723 6.38484 7.20679 1.17976 -0.400939 -4.52288 -7.54762 -8.62896 -9.06442 3.99314 10.5637 4.84741 3.55495 5.12606 6.59437 7.30069 6.83392 9.43302 14.0502 7.97242 4.42165 9.47518 10.0917 4.52475 5.09125 13.0702 14.6866 6.08482 -1.14336 -5.06113 -6.12187 1.6057 -0.367924 -8.99661 -5.07407 -1.49096 -2.69118 -7.29077 -7.73498 4.20108 6.55642 -7.12945 -8.69103 -2.58256 -2.511 -6.80902 -8.56524 0.939059 9.80393 3.8178 -7.23943 -3.33459 -1.62416 -6.16747 -12.192 -12.9594 3.53325 9.5201 -0.316282 -1.78106 -0.852447 -7.82762 -15.5495 -20.8603 -8.0309 7.5509 7.20134 0.536049 0.240079 -4.45333 -7.89357 -9.11008 -10.2048 3.54816 10.0636 4.9744 2.65313 4.85147 5.83659 6.79916 5.67394 8.90381 13.9225 8.31394 3.93925 9.23219 10.0484 5.09804 4.32896 12.1591 14.6364 6.62378 -1.5249 -8.08421 -10.5367 2.74287 -1.12162 -14.6771 -7.58418 -2.27983 -4.76146 -13.0912 -12.3451 7.887 8.87221 -12.5446 -13.9901 -4.40511 -4.40844 -10.7631 -14.2861 2.38733 15.205 4.20487 -12.0635 -5.25139 -3.62505 -11.5812 -20.0725 -20.1727 6.20957 14.0043 -0.98664 -3.55165 -2.67679 -12.9661 -26.2183 -33.9371 -11.5508 10.8708 10.9504 1.61905 -0.323162 -7.64511 -12.9812 -14.8596 -14.8294 7.30222 16.0174 8.01078 4.8548 7.56651 9.7446 10.3261 9.99414 14.9645 21.4456 12.6871 6.64641 15.151 16.5373 8.08174 8.38343 19.9647 24.0642 10.2108 -2.017 -7.57341 -8.51424 2.63414 -1.50103 -12.7426 -6.33517 -1.36821 -4.32263 -11.3437 -10.275 7.38584 8.01573 -10.5605 -11.7466 -3.61314 -3.90617 -9.00688 -11.5434 2.68891 12.5302 3.20309 -9.35557 -4.23049 -3.34724 -9.86505 -16.9334 -16.7144 5.04998 11.668 -1.04825 -2.82368 -2.82084 -11.065 -22.1294 -28.5969 -9.7084 9.17013 8.82959 1.01879 -0.311762 -6.93239 -9.87417 -12.6401 -11.5206 6.029 13.7774 6.16699 3.94545 6.60582 8.33073 9.48538 8.98027 13.6705 18.6894 10.4154 5.2332 13.4899 13.7634 6.4716 6.65923 17.633 19.214 8.46101 -0.880832 -6.00401 -7.33703 1.44953 -0.185707 -11.2302 -5.8735 -2.0701 -3.16611 -9.10546 -9.77077 5.45226 7.67326 -8.31115 -10.5126 -3.72853 -3.21134 -7.79335 -9.96911 1.2816 11.4611 4.58715 -8.66283 -3.43945 -2.38077 -7.57526 -14.7207 -14.8378 4.23464 10.4875 -0.387631 -2.53676 -1.36403 -9.63757 -18.5729 -24.5263 -9.54429 8.0274 8.60939 1.50843 0.410539 -4.8551 -9.38993 -10.269 -10.8798 4.94351 12.6732 6.39555 3.22682 5.98538 7.70116 8.37881 7.58074 10.3546 16.0691 9.74219 4.98825 11.7117 12.5597 6.3195 5.59093 14.3054 17.3143 7.71714 -1.96012 -7.61956 -8.70385 3.03252 -2.31612 -13.5187 -6.59062 -2.20081 -4.54996 -11.4139 -10.5039 8.80231 7.81906 -12.0313 -11.8372 -3.48277 -4.37251 -10.167 -12.5623 3.45705 13.276 3.28021 -10.334 -4.18639 -3.12413 -10.8976 -18.8897 -18.2356 5.66765 11.5367 -1.46743 -2.88006 -3.01774 -13.0697 -23.7023 -30.7153 -9.22918 10.0486 9.09988 1.3047 -0.477245 -7.32257 -10.9223 -13.2198 -12.7309 7.07606 14.2405 6.43336 4.1762 7.56118 8.65686 9.86465 9.76868 14.3494 18.7637 10.5883 6.12271 13.9904 14.4856 6.9248 7.36661 19.0754 20.4578 8.72349 -1.21464 -7.29442 -8.89251 2.00547 -1.7788 -13.4754 -7.40841 -2.04422 -3.8069 -11.0746 -11.5523 7.60776 7.86712 -11.1867 -12.8742 -3.82565 -3.81457 -10.2382 -12.7449 2.26386 13.3328 3.6673 -9.97805 -4.72236 -3.31822 -10.1187 -17.5842 -17.7994 5.08915 11.665 -1.26611 -3.44666 -2.07371 -11.6217 -23.1627 -29.7429 -10.684 10.0187 9.40453 1.47115 -0.0849975 -6.86389 -11.1523 -13.7517 -13.2844 6.38584 14.6069 7.10581 4.61125 7.24345 8.58238 9.52957 8.7119 13.0164 19.2011 10.8241 5.70964 13.9015 14.2439 7.40105 7.32569 17.8412 21.3635 9.16344 -2.74155 -10.0185 -11.726 2.88194 -2.46116 -16.7299 -9.30964 -2.20823 -5.57395 -14.5008 -13.5955 9.99802 9.96016 -14.8308 -15.9014 -5.18168 -5.21849 -12.7905 -15.6836 3.50485 16.7887 3.96464 -12.643 -5.05005 -4.16965 -12.5801 -22.9144 -23.1135 6.91954 15.1056 -1.41234 -4.21848 -2.96163 -15.2137 -29.546 -37.7648 -12.2602 12.8593 11.9859 1.55376 -0.512639 -8.662 -14.2856 -16.6143 -16.2756 8.40093 18.5734 8.49311 5.90766 8.85686 11.0764 12.0078 11.7786 17.306 24.0298 13.1023 6.93596 18.1168 18.093 8.52824 9.14313 23.5089 26.2003 10.8275 -2.32162 -9.95926 -12.4652 2.82958 -2.25869 -17.3583 -9.81207 -2.22911 -5.53612 -15.512 -14.4403 10.634 10.7448 -15.5126 -16.4169 -4.92335 -5.72007 -13.0049 -16.9295 3.74423 17.9298 4.43049 -14.1474 -6.15747 -4.71413 -13.8485 -24.159 -23.8061 7.91606 16.1262 -1.37574 -4.01555 -3.26347 -16.0304 -30.4126 -40.2043 -13.0515 13.5426 11.8179 0.841939 -0.728269 -8.90016 -14.2167 -17.0641 -16.9083 8.31753 18.9745 8.67711 6.19232 9.37249 11.659 13.0425 11.6796 18.0153 25.5529 13.6727 7.65684 18.2118 19.1701 9.1369 9.20084 23.8599 26.9718 11.9614 -1.26884 -8.50556 -10.3626 2.4693 -1.0116 -14.5449 -7.36832 -2.51682 -3.89981 -12.2205 -12.4516 7.63273 8.8682 -12.0348 -13.0034 -3.89762 -4.23254 -10.8587 -13.0588 2.38673 14.3362 4.26017 -10.8752 -4.91524 -2.91411 -10.9002 -18.7397 -19.6362 5.86478 12.5109 -0.662116 -3.27373 -3.02282 -12.4415 -25.1143 -31.6325 -10.6408 10.8223 9.61181 1.41607 -0.474321 -7.75807 -11.4436 -14.6527 -13.6142 6.97506 15.6204 6.86354 4.91667 7.19398 9.57331 10.1016 9.18082 14.166 20.5918 12.0451 6.14656 14.8627 16.097 7.16817 7.75106 19.7049 22.4868 9.96546 -1.05338 -5.61736 -6.1802 2.28933 -1.55412 -9.52039 -4.95827 -0.923404 -2.86051 -8.73345 -7.47252 6.53329 5.41734 -9.00454 -8.62874 -2.03611 -3.46251 -7.59627 -9.15385 2.52472 10.1386 1.61924 -7.91225 -3.14079 -2.27962 -8.14752 -13.6689 -13.021 5.26121 9.35231 -0.453899 -1.9224 -1.66583 -9.17536 -17.5585 -22.6767 -6.38557 8.06017 7.20349 0.410447 -0.504952 -4.99653 -8.0494 -10.2575 -8.92651 5.2409 10.3322 4.74497 3.60374 5.51591 6.76576 6.96115 7.27428 10.8377 14.1749 7.62068 4.71931 11.0718 10.8717 5.09428 6.14817 14.1057 14.8498 6.44568 -2.00382 -7.7417 -8.95408 2.17759 -1.0138 -13.0811 -6.94516 -2.3495 -4.16506 -11.7309 -11.2764 7.58023 7.69022 -11.3235 -11.725 -3.40726 -4.35381 -9.78366 -12.6557 2.61389 13.5119 3.7273 -10.5953 -4.19776 -3.38751 -9.90178 -17.2906 -17.3098 4.86326 11.314 -0.959162 -3.30726 -2.63776 -11.4473 -22.7612 -30.0147 -10.1064 9.33677 9.13515 1.42538 -0.384596 -6.76245 -11.0434 -12.8662 -12.1756 6.16842 14.1969 7.14131 4.67218 6.99874 9.03571 9.91557 8.79706 13.7256 18.8464 10.559 5.42233 13.7147 14.1587 6.65304 6.98716 18.0682 20.5732 9.21056 
1024 1
-1.81164 -5.11749 4.70909 4.47187 5.09319 8.67569 -2.39189 -1.66859 -3.24417 -2.96871 11.4078 -4.34687 -9.15399 7.27557 -5.56998 -3.33313 -2.76794 -1.54344 13.9396 6.70565 -4.57834 -1.67042 -8.6244 -3.95895 -2.34449 -6.36381 3.43337 14.4702 3.96596 -11.4931 -11.7328 -2.86074 -1.36452 -4.96885 2.81265 9.16685 5.19594 -2.48436 -5.02002 -0.902389 0.370686 3.60744 8.3547 -3.68929 -3.8572 6.45233 3.62007 0.686388 1.34931 7.25326 8.69109 -8.11088 -10.5588 3.36727 3.30079 0.418148 1.07457 3.82984 9.88125 3.42496 -1.91729 2.65424 -1.45339 -0.350286 -1.20797 -2.77841 2.56439 3.96385 3.4032 6.1052 -1.81393 -0.575878 -1.72735 -1.78181 7.46714 -2.75344 -5.24557 4.62729 -3.9309 -2.01465 -1.79188 -0.106154 8.82897 4.31951 -2.77117 -0.733856 -5.27639 -2.17141 -1.64454 -3.76953 2.33431 8.96323 2.34712 -7.917 -7.66728 -1.33678 -0.973429 -3.28973 2.3068 6.60877 2.85507 -2.11576 -3.28098 0.199293 -0.0742753 3.25418 5.46043 -2.65067 -2.27031 4.46557 2.6506 1.13917 1.0008 4.94954 5.60812 -5.67681 -6.3961 2.38578 2.18985 0.414171 0.159807 3.11811 6.78013 1.99359 -0.518958 2.02426 -0.850888 -0.550704 -4.23122 -8.15087 8.03274 8.10553 10.5489 14.1329 -5.56955 -3.63556 -7.077 -4.24173 19.4647 -9.95829 -14.4869 11.5414 -10.2776 -6.31643 -5.7019 -1.81879 24.7184 9.03945 -9.08113 -3.52 -15.8719 -6.72858 -4.23393 -10.8547 7.58425 24.3704 4.92323 -21.5445 -20.0209 -4.95976 -3.99639 -9.04966 5.49 16.4058 8.06101 -5.45069 -9.79934 -1.18361 0.0381937 7.09807 13.2973 -7.24132 -5.93685 10.8115 6.46267 0.712164 1.93468 12.4005 13.6612 -15.8147 -18.277 5.87535 5.18474 0.200392 1.25168 7.37226 16.5907 4.08888 -2.54336 3.94216 -2.02993 -2.05855 -2.09031 -4.53636 4.38116 4.31769 5.56623 7.60557 -3.07026 -1.9152 -3.23873 -1.80423 11.0072 -5.49173 -6.53277 6.10506 -5.08143 -2.83876 -2.47773 -0.310702 13.341 3.95387 -4.31149 -2.46871 -7.6942 -2.72061 -2.37978 -5.75061 5.09346 12.7822 3.38291 -11.4739 -10.6225 -2.45787 -1.88628 -4.63941 3.47503 9.43107 4.42894 -2.96131 -4.40954 -0.587178 -0.348795 4.19035 6.89204 -3.33814 -2.72423 6.43333 3.59259 0.806315 1.09389 7.49051 7.04819 -8.52166 -8.40906 3.55904 2.35543 -0.128853 0.877657 4.90385 8.96826 2.74363 -1.12688 2.07388 -0.439214 -0.314054 -1.61079 -4.56066 4.18892 4.57661 5.29095 8.43817 -2.17748 -1.26477 -3.56006 -1.90398 11.104 -4.20617 -7.71016 6.0548 -5.3083 -3.46017 -2.93875 -0.381872 12.9253 4.79935 -4.0659 -1.89945 -8.4446 -2.67581 -2.03044 -5.3699 3.90766 13.3499 3.68889 -11.0612 -10.534 -2.23283 -1.51332 -4.10426 2.80719 8.9825 4.57004 -2.06273 -4.93962 -0.953255 0.530348 4.56172 7.05666 -3.35009 -3.89027 5.79321 3.88954 0.779098 1.07278 6.52189 7.33219 -7.58 -8.96913 3.55617 2.95908 -0.120595 0.657648 3.96265 8.55756 2.67265 -0.775463 2.19225 -1.38161 -0.63333 -1.67129 -4.6557 4.1521 4.91257 4.79972 8.06203 -2.49922 -2.01804 -3.49824 -2.73852 10.9303 -3.53635 -9.06853 6.90404 -4.74531 -3.25002 -2.09442 -1.43384 12.6563 6.37934 -5.04207 -1.75827 -7.72216 -3.35599 -1.9468 -5.81021 3.73274 13.1256 3.82935 -10.2309 -10.6128 -3.06191 -1.12272 -4.4224 2.24784 8.71558 5.15747 -2.16536 -5.56374 -0.359144 -0.16231 3.96759 7.31724 -2.91943 -3.57338 6.42754 3.92503 0.711982 0.77617 6.02769 7.45002 -7.64352 -10.3352 2.57836 3.48405 0.178195 0.236801 4.18311 9.41398 3.2529 -1.26631 2.19179 -0.550682 -0.626137 -3.53926 -7.69132 6.55039 7.61495 8.82196 12.5477 -4.14256 -3.07097 -5.58539 -4.61419 16.8511 -8.75778 -12.3996 9.49171 -8.88312 -5.46671 -4.79173 -1.65665 20.9403 7.5193 -7.3833 -3.51122 -13.1115 -5.42216 -4.02534 -8.90429 5.78917 21.0371 4.21896 -18.0542 -17.4258 -4.35795 -2.9495 -7.33625 4.20535 14.3062 6.68857 -5.3901 -7.94291 -1.66953 -0.75025 5.71477 11.0652 -6.50483 -5.84232 9.29203 4.94772 1.05712 1.96719 10.8445 11.7479 -13.6922 -15.9256 5.21976 4.41949 -0.468902 0.868442 6.75929 14.593 3.97628 -2.37566 2.70128 -1.31173 -1.59452 -3.20441 -6.39713 6.36579 6.1044 7.09692 10.4139 -3.47787 -2.47914 -4.74379 -2.57628 14.5223 -7.24158 -10.2565 8.18607 -7.56033 -4.19773 -4.1692 -1.21214 18.4775 6.09227 -6.04526 -2.91663 -11.4861 -4.24797 -3.12176 -7.90138 5.45288 17.3506 3.77313 -15.9761 -14.4868 -3.2889 -2.92062 -6.62751 4.11155 12.0921 5.63908 -3.41658 -6.25653 -1.27008 0.391467 6.05925 9.27619 -5.54934 -4.91322 8.02935 4.15353 0.89468 1.65929 9.79413 9.77954 -11.1067 -12.4923 4.10306 3.3373 0.449455 0.708689 5.75737 12.792 3.80901 -1.36752 2.50545 -1.60278 -0.575219 -2.27915 -5.23479 4.32954 6.04349 5.93303 10.0284 -3.45038 -2.04836 -3.58023 -3.47443 12.9778 -5.37166 -10.0565 7.93422 -6.17543 -4.03847 -2.70198 -1.64282 14.8202 6.6315 -5.58179 -2.16089 -10.0139 -3.89351 -2.83843 -6.66585 3.92802 15.8302 4.22744 -12.8113 -12.7202 -3.53853 -2.44593 -5.95405 2.52216 10.7334 5.8039 -3.37277 -5.47044 -0.609229 -0.214606 4.86364 9.04354 -3.48824 -4.06529 6.67217 3.91927 1.25602 1.24 7.59208 8.62623 -8.922 -11.2688 3.5791 3.2569 0.473092 0.305478 4.95929 10.8632 3.64729 -1.61659 2.28195 -0.819877 -0.806893 -3.17941 -6.13895 6.37619 5.90037 8.64215 10.3005 -4.5256 -2.52862 -5.74512 -2.56807 15.4902 -8.59538 -10.4033 8.36145 -7.77445 -3.99152 -3.95618 -1.23588 19.7913 6.00619 -5.66276 -3.90073 -12.0074 -4.20306 -3.02255 -8.38885 6.69185 18.6709 3.71124 -17.2353 -15.399 -3.80351 -2.53288 -6.98971 4.98134 13.2958 5.4882 -4.555 -7.12208 -1.02454 -0.192006 6.04309 10.1909 -6.1349 -4.40126 8.44481 4.78317 0.879038 1.36727 9.95767 9.35366 -12.2804 -13.1223 5.16331 3.64867 -0.296793 1.37503 5.87116 13.1906 3.43391 -1.78611 3.05787 -1.36336 -1.21803 -2.37676 -6.7083 5.6631 6.52689 8.02674 10.9054 -3.61354 -2.73986 -4.97707 -3.75234 15.6696 -7.64951 -11.131 8.81482 -7.60948 -4.25106 -3.80964 -1.00515 19.2388 6.37847 -6.36931 -2.86724 -12.1925 -4.88748 -3.02523 -8.51222 6.40462 18.4035 4.47124 -16.0175 -15.4343 -3.45123 -2.44598 -6.67676 3.81691 13.1009 6.38967 -3.9409 -6.95871 -1.17748 -0.587406 5.74564 10.5094 -5.22421 -4.33242 8.26268 4.75376 1.19026 1.95838 9.43437 10.5169 -12.1312 -13.38 4.25103 4.04225 -0.147795 0.483556 6.1283 12.9169 4.03395 -1.99218 3.2474 -1.36979 -1.40192 -3.96408 -8.13639 7.91029 7.30402 9.54603 13.2547 -5.03755 -3.09886 -6.2262 -4.46652 18.7809 -10.3597 -13.6854 10.4904 -10.1113 -5.6159 -5.20125 -1.66348 24.4031 7.53235 -8.04041 -4.2005 -15.1849 -5.83219 -4.50599 -10.7974 7.50666 23.4902 4.95928 -20.6392 -18.7665 -4.70218 -3.77444 -8.49712 5.57453 16.3029 6.54194 -6.03893 -9.01086 -1.02132 -0.221952 7.09281 12.7971 -7.94944 -5.96309 10.2651 6.06917 0.905225 1.90623 12.5556 12.427 -16.1491 -17.0336 5.54568 4.42508 -0.00339011 0.922498 6.96316 15.9251 3.91001 -2.09165 3.12435 -1.89157 -1.55117 -3.59903 -8.68826 7.83494 8.45084 10.3982 14.2204 -5.04817 -3.46261 -6.41803 -4.24652 20.0066 -10.8664 -14.8305 10.9247 -11.0005 -5.80455 -5.87852 -1.37905 25.3208 8.40409 -7.86842 -4.50841 -16.1336 -6.23048 -4.49222 -10.6333 8.26983 24.473 4.39561 -21.8492 -19.4954 -4.29921 -3.54767 -9.08221 6.10145 16.6673 8.07073 -5.51519 -8.99969 -1.07274 -0.303504 7.30494 13.1492 -7.92355 -6.35133 11.3392 5.84322 1.26305 1.72271 12.3684 12.6653 -16.4054 -17.6858 6.05876 4.97197 -0.713279 0.785529 7.89948 16.8684 4.25887 -2.8638 3.49872 -2.33981 -1.97135 -2.71047 -7.08788 6.47309 7.26415 7.8256 11.54 -3.93866 -2.39643 -5.39448 -3.82696 16.0481 -7.50741 -12.2752 9.34435 -8.20283 -4.75796 -4.30789 -0.954941 20.6518 6.69469 -6.73274 -2.77104 -13.3243 -4.772 -3.41056 -8.51371 5.7719 20.2214 3.95703 -17.5244 -15.9368 -3.46316 -2.88857 -7.2614 4.7711 13.9898 6.57904 -4.67425 -7.711 -1.42929 0.275427 6.12411 10.798 -6.12883 -4.70888 9.33382 5.35051 1.01719 1.82853 10.6339 10.8853 -13.1599 -14.389 5.02476 4.49953 -0.450463 0.541964 5.87062 14.1358 3.50012 -2.12861 3.33239 -1.96064 -1.67912 -2.43408 -4.20872 5.36847 4.03029 6.23939 7.45231 -3.13965 -1.68654 -3.6504 -1.92562 11.6757 -6.67821 -7.06127 6.05705 -6.15021 -3.25837 -3.46194 -0.158709 14.6844 4.39545 -4.52013 -2.55438 -8.42186 -3.18841 -2.39426 -5.71206 5.47006 14.5002 2.53169 -12.207 -11.2171 -2.12158 -2.06545 -4.4762 4.09749 10.0226 4.67196 -3.87104 -5.14587 -0.480204 0.0691943 4.98822 7.25819 -4.20628 -2.54299 6.60609 3.27757 0.334551 0.999694 7.95589 7.40459 -9.40166 -9.52006 3.87208 3.05328 0.436895 0.532896 4.75822 10.0534 2.67921 -1.41144 2.53254 -1.11134 -0.330313 -2.64002 -6.63177 6.15761 6.60098 7.42581 11.2491 -4.10802 -2.12304 -4.95346 -3.27393 15.4545 -7.47417 -11.3488 9.09268 -7.67064 -4.67331 -3.79227 -1.42088 19.0163 7.07434 -5.77247 -2.81613 -11.5974 -4.1228 -3.57058 -7.81806 6.057 18.3907 4.14189 -16.4959 -15.415 -3.83511 -3.05255 -6.32303 4.70494 12.7286 5.9752 -4.55426 -7.26785 -1.37703 0.0664501 6.02915 10.4321 -5.12642 -4.64001 7.99337 4.37306 0.880794 1.36584 10.0238 9.94249 -12.1967 -13.2966 4.2581 3.31022 0.0171495 1.1233 6.15451 13.1796 3.37257 -1.3553 2.42874 -1.50689 -1.53241 
1024 1
0.0836231 -4.15157 -11.64 -9.15708 -6.00553 -8.86066 -2.91913 -0.64969 -1.34198 -6.59511 -13.569 -6.26906 -1.40027 -9.12726 -6.95327 -1.03721 -1.21466 -5.30235 -10.3164 -7.64551 1.6978 -2.89859 -7.52406 -2.17858 -0.731413 -1.68323 -0.533098 -6.1754 0.257265 4.73174 -6.06546 -2.42622 0.115575 5.5384 12.6812 5.24524 6.13745 11.259 1.09302 -0.404578 0.504563 8.36617 14.6892 2.17896 6.50455 13.012 6.63381 0.372423 -0.640173 0.927229 8.47132 2.93534 -4.43626 6.0211 3.64115 -0.625109 -0.750522 -6.26263 -0.890156 9.60692 16.5982 11.954 -0.705976 -1.76872 0.53245 -2.11697 -7.32085 -5.5444 -4.18252 -5.59751 -1.68945 0.279904 -1.06317 -4.2364 -8.74457 -3.90859 -1.04632 -6.02126 -3.67784 -0.862002 -1.20663 -3.52338 -6.4414 -3.80155 0.996967 -1.91491 -4.92484 -1.13054 -0.882914 -1.0566 -0.928023 -3.95096 0.0270759 2.72235 -4.274 -1.4422 0.660918 4.18046 7.58362 2.9098 4.52419 7.35015 0.837382 0.133827 0.796781 5.71495 9.33067 1.16988 4.96405 8.80384 4.33864 0.058024 0.0208449 1.03315 5.78253 1.76824 -2.50238 3.90149 2.51818 0.167474 -0.366684 -3.60927 -0.0767375 5.8722 10.9641 7.47767 -0.540806 -1.05243 -1.26412 -7.42265 -20.6192 -15.3432 -11.8128 -15.419 -4.67758 -0.242846 -2.17391 -12.0044 -25.3883 -11 -4.35406 -17.1717 -11.3915 -2.95562 -3.3387 -10.1965 -19.3592 -12.0996 1.85012 -6.49442 -13.1084 -3.84507 -2.38713 -3.93552 -2.28726 -12.0238 -0.0288884 6.67469 -11.1722 -4.10373 0.224368 10.2367 20.7314 8.10601 10.1256 18.7218 0.548835 -1.81521 -0.0225006 15.7118 23.538 1.76635 12.02 23.2892 9.68194 0.148272 -2.14431 2.43476 13.5992 2.68299 -7.77393 10.2808 5.61337 -1.59313 -2.88175 -10.4685 0.0495491 16.6936 28.1007 18.3335 -2.57995 -4.07504 -0.510174 -4.24078 -10.5021 -7.8895 -5.92302 -7.63578 -2.80706 0.109627 -1.01328 -6.62632 -12.957 -5.48291 -2.49094 -8.77182 -5.84227 -0.918543 -1.54484 -5.28851 -10.7487 -5.72703 0.936936 -3.74139 -6.7964 -1.34934 -0.731339 -1.29429 -0.806003 -6.23574 0.581973 3.38792 -6.12054 -2.29821 0.282617 5.63772 11.5141 4.08775 6.07206 9.48217 -0.139428 -0.6549 0.280396 8.94993 12.9598 1.06563 6.68211 12.1768 4.97047 0.0647004 -0.483673 1.17791 7.10362 1.35781 -4.24083 6.19077 3.37128 -0.0458475 -0.951325 -5.52039 0.0442234 9.03009 15.8789 9.73674 -0.95447 -1.4856 -0.469319 -3.4085 -11.3187 -7.8439 -5.28827 -8.41474 -2.69062 -0.471862 -0.742525 -6.23186 -12.8872 -6.01565 -1.36367 -8.57864 -6.10751 -0.942897 -1.27192 -4.95243 -10.1505 -5.9353 0.977797 -2.20663 -6.79431 -1.99654 -1.0752 -1.49432 -1.1706 -5.76747 0.411306 3.64563 -6.07588 -2.48782 0.516931 5.29081 10.9826 4.5747 5.3895 10.2461 1.01112 -0.155295 0.77113 7.97961 12.8423 1.46689 5.63471 12.4835 5.429 0.772216 -0.901688 1.20428 7.18764 1.29558 -4.00918 5.4105 3.50552 -0.14867 -0.796551 -5.14996 -0.172173 8.62 15.7496 10.581 -1.03082 -1.58891 -0.11061 -3.12175 -10.5625 -8.38298 -5.69294 -8.31037 -2.58599 0.344139 -0.713813 -5.30132 -12.8906 -6.42751 -1.27656 -8.55458 -6.29975 -1.6108 -1.49078 -4.59888 -10.2877 -6.68699 0.751358 -1.93556 -7.1325 -1.69416 -1.02003 -1.43599 -1.07476 -6.46867 -0.27435 4.42363 -5.61829 -1.93146 0.609187 4.7036 11.2389 4.09054 4.94531 10.8116 0.214177 -1.25005 0.815269 7.55867 13.7998 2.1319 5.77046 12.0403 6.16378 0.689399 -1.06311 1.20121 7.70127 2.25829 -4.53717 5.37539 3.60245 -0.0626986 -0.535287 -4.97806 -0.723074 8.25041 14.4742 11.157 -1.19801 -2.29731 -0.996122 -6.18458 -17.8486 -13.5202 -9.4542 -13.181 -4.3847 -0.575188 -1.55392 -10.3694 -20.8824 -9.78564 -3.00386 -14.6437 -10.4296 -1.76863 -2.72612 -8.80935 -16.987 -9.52195 1.34782 -5.06462 -11.1357 -3.40366 -2.39284 -3.59375 -1.8246 -10.1404 0.439779 6.48744 -9.95082 -4.03656 -0.136692 8.74708 17.8153 7.20113 8.9198 16.5804 0.182864 -1.23869 0.174497 12.6684 20.2141 2.48545 10.4507 19.2273 8.87235 0.251798 -1.74025 2.04397 11.6112 3.0893 -6.33467 8.81757 5.30488 -1.57123 -2.56424 -9.30137 -0.2241 13.3974 24.0174 16.2489 -2.48074 -2.94143 -0.298891 -5.31723 -15.0358 -11.4097 -8.08714 -10.6597 -3.1366 -0.015293 -2.13032 -8.19477 -17.9114 -7.19887 -2.99865 -12.7537 -8.64299 -1.5963 -1.89718 -7.66231 -13.9765 -7.79361 0.944017 -3.85142 -9.28095 -2.76029 -1.87302 -1.91292 -1.38268 -8.0804 -0.0164203 5.22674 -8.41348 -2.37066 -0.0674263 8.14137 14.9999 6.17621 7.74209 13.5771 0.715072 -0.986038 0.272684 11.2097 17.2078 1.16605 8.63298 16.7556 7.73419 0.36285 -1.16996 1.56576 9.65515 1.62844 -5.50648 8.26781 4.35993 -0.805847 -1.40529 -8.04648 0.693301 11.7205 21.5744 13.391 -2.30491 -2.70607 -0.183281 -4.26457 -12.9877 -9.58978 -6.33829 -10.1259 -3.23094 -0.606579 -1.40183 -6.5811 -15.4392 -7.1171 -1.83255 -10.5263 -7.71044 -1.68684 -1.40689 -6.31581 -12.0131 -8.16588 0.841062 -2.34041 -8.30653 -2.84407 -1.64618 -1.891 -1.29165 -6.56976 0.101302 5.30108 -7.2421 -2.81208 -0.238507 6.32123 13.3096 5.81401 6.32546 12.5841 0.396503 -0.665553 0.783705 9.31096 15.7465 1.93231 6.6106 14.8288 7.18225 0.903619 -1.45955 0.699333 9.40728 2.47529 -5.54694 6.86427 4.39387 -1.05346 -1.44839 -5.96775 -0.798463 9.79928 18.1876 12.4643 -1.28089 -1.99946 -0.458069 -5.76361 -15.9904 -12.1619 -8.78715 -11.2436 -3.4574 -0.35632 -1.98462 -9.69674 -18.9856 -7.43095 -3.15702 -13.4074 -8.66568 -1.81375 -2.35767 -8.23222 -14.8476 -7.70164 0.993902 -5.50055 -9.63254 -2.77552 -2.13113 -3.10279 -1.63725 -8.22681 0.265496 4.20417 -8.49605 -2.55945 0.356482 8.57901 16.3406 5.98671 8.1087 14.4592 0.620213 -1.00551 0.973566 12.9186 17.7259 0.747364 9.57189 17.8694 7.44363 1.02854 -1.25056 1.89139 10.8761 2.10839 -5.44449 8.64864 4.1972 -0.729084 -1.90071 -8.74128 0.640992 13.3596 22.1942 14.8032 -2.06792 -2.99645 -0.845306 -5.38135 -15.6918 -12.47 -8.8248 -11.5555 -3.63974 -0.55323 -1.96868 -8.73854 -19.0705 -8.43647 -3.09298 -13.5696 -8.65234 -2.03581 -2.5819 -7.89805 -15.1095 -8.57542 0.532391 -4.25237 -10.3097 -2.72943 -1.51301 -2.32443 -1.7013 -8.34541 0.166694 5.28556 -8.07807 -2.66309 -0.341808 8.06475 15.6056 5.99303 8.26958 14.6726 0.720497 -1.36107 0.620745 11.5239 18.8345 1.44402 8.77939 17.6308 7.70361 0.613264 -1.01634 1.79021 10.2673 1.61165 -6.45461 8.33868 5.0782 -0.596938 -1.81689 -8.15481 0.410677 12.2123 22.139 14.8379 -1.9652 -3.07698 -1.1941 -7.3847 -20.0717 -15.3492 -11.13 -14.7569 -4.98722 -1.03026 -2.29149 -11.9173 -24.5807 -10.5665 -3.11826 -16.8748 -10.9509 -1.82354 -2.80547 -9.70363 -19.3099 -10.133 1.59393 -5.83373 -12.5372 -4.04492 -2.58621 -3.33589 -2.10781 -11.1644 -0.0905225 5.8032 -10.9656 -4.15755 0.0259321 10.9784 19.8227 7.95822 10.0425 18.3049 -0.183896 -1.06809 0.0942815 14.7448 23.2574 1.28691 11.5485 22.1804 9.07306 0.338417 -2.2477 1.83489 13.0413 2.77018 -6.84736 9.94038 5.12728 -1.73379 -2.56537 -10.2441 0.151852 16.1458 28.1335 18.0729 -2.3626 -3.4982 -1.08617 -7.9506 -21.1402 -15.6752 -12.0302 -15.4706 -5.19745 -0.949591 -2.65093 -12.3985 -25.418 -10.2211 -3.51574 -17.7582 -11.93 -2.69699 -3.48358 -10.6101 -20.002 -11.5363 1.37544 -6.58755 -13.7464 -3.47792 -1.99891 -3.58325 -2.19153 -11.1364 0.437193 6.72878 -11.6214 -4.52766 0.367423 11.0333 20.7836 7.35431 10.9129 18.3078 0.00644992 -1.80062 0.343871 15.6569 23.3017 1.45664 12.2364 22.8563 9.92216 1.04036 -2.07274 2.35971 13.5299 2.17511 -7.33622 10.5076 6.29151 -1.17076 -2.55673 -10.7689 0.191265 16.7181 28.8479 18.7402 -2.76397 -3.79014 -0.0980346 -6.17096 -16.9392 -12.5474 -9.32963 -12.2896 -4.52623 -0.291187 -1.49579 -9.90819 -19.936 -8.99085 -2.91324 -14.1511 -9.29333 -2.18746 -2.11142 -8.1393 -15.9621 -9.25597 1.61221 -5.00626 -11.0126 -3.03176 -1.43987 -2.6045 -2.25651 -9.60865 -0.305549 5.95435 -9.0663 -3.65821 -0.443823 8.90445 17.4533 6.13907 8.07493 15.781 0.861782 -1.53979 0.219318 12.7552 19.9076 2.17708 9.09792 18.4756 7.8812 1.03991 -1.13069 1.65949 11.4108 2.67388 -6.41012 9.21623 5.06449 -1.06718 -1.80557 -8.43543 0.288273 12.5763 23.2014 15.2871 -2.40906 -2.76154 0.0528996 -4.77127 -11.3739 -8.7291 -6.95276 -7.95866 -2.66704 -0.216554 -1.1706 -7.31805 -14.4263 -4.92508 -2.11119 -10.157 -5.83913 -1.03685 -1.72734 -5.98511 -11.097 -5.92012 1.14043 -3.45496 -7.18088 -2.21656 -1.05783 -2.05607 -1.59564 -6.43035 0.392493 3.22904 -5.79375 -2.32295 0.14606 7.04178 11.45 4.58279 6.53367 10.7278 -0.31836 -0.818576 0.858235 9.30902 12.9008 0.672523 7.31961 13.625 5.90227 0.974748 -1.29396 1.67295 7.52915 1.45808 -3.90748 6.49239 3.55264 -0.0627556 -1.15448 -6.51443 0.423429 9.42832 16.6011 10.7721 -1.85777 -1.30247 -0.327887 -5.47158 -15.5467 -12.1034 -8.7658 -11.3821 -3.69918 -0.706139 -1.53118 -8.75787 -18.7977 -8.58672 -2.64202 -12.9781 -9.00876 -1.28856 -2.10242 -8.05093 -14.4589 -8.07706 1.23344 -4.44925 -9.59329 -2.86278 -1.71146 -3.00222 -1.60706 -8.11995 -0.496345 5.5172 -8.04341 -2.84125 -0.0508854 7.98867 16.2663 6.12818 8.26245 14.2487 0.822927 -0.974824 0.243457 11.5763 18.3947 2.07884 9.16261 17.7212 8.1313 0.538716 -1.94091 1.78297 10.3236 2.32123 -5.33677 7.94392 4.42069 -0.95752 -1.88148 -7.58448 -0.00599546 12.2095 21.9021 14.2217 -2.21578 -2.92838 
