3 3
86.6221 112.199 77.6376 
97.3815 133.948 94.3455 
79.6643 115.527 86.4101 
3 3
61.5926 78.0716 53.5466 
70.5577 90.9063 62.6605 
57.7255 76.6299 53.9743 
3 3
49.5477 64.8606 44.6022 
56.6315 77.1684 53.7394 
45.5097 65.8416 49.5621 
3 3
54.4664 74.9843 54.9373 
59.7781 86.3934 64.4169 
47.7043 72.474 56.9144 
3 3
95.7317 116.126 74.7649 
105.207 136.794 90.7807 
82.8656 116.506 83.5324 
3 3
11.1991 18.5007 16.1189 
13.1377 22.914 19.2118 
11.597 20.0191 17.3012 
3 3
70.3283 89.1952 60.3469 
76.2418 105.07 74.0409 
59.8721 90.5884 67.7677 
3 3
70.3959 91.225 62.7821 
76.4422 106.371 77.5256 
58.643 90.2377 70.9898 
3 3
71.905 91.5556 63.0005 
81.2921 107.838 74.9102 
65.5232 93.1967 68.6474 
3 3
72.302 93.2451 65.1469 
78.4547 108.921 79.1449 
59.8433 90.8326 70.5194 
3 3
86.4741 111.163 76.9906 
99.4886 134.739 96.3203 
82.523 117.734 89.7255 
3 3
64.6964 82.3989 55.5417 
70.8962 95.7731 67.4974 
56.76 82.9684 60.4085 
3 3
88.3315 109.978 72.4021 
100.296 131.533 88.6999 
81.9624 113.735 81.4753 
3 3
102.925 129.486 88.1223 
114.01 151.963 105.984 
92.2759 131.718 97.8435 
3 3
63.1352 88.2163 64.1734 
69.8936 104.074 78.8499 
56.3841 88.0396 69.7871 
3 3
88.8686 114.298 79.1745 
97.9588 134.767 95.5238 
77.3246 114.64 86.2878 
1024 1
-6.56833 -7.91147 4.21429 10.7837 9.35438 4.97157 -7.29417 -5.92181 -3.4088 7.81783 14.0341 -2.6116 0.0190519 6.49782 3.21933 -4.21486 8.65086 21.6594 13.8298 -25.9585 -29.3795 -1.95519 10.0691 6.50481 18.1259 26.9267 7.45326 -31.4106 -50.3897 -17.7103 13.2513 15.3265 16.0982 25.5863 12.1418 -22.056 -38.6679 -6.85782 22.1219 19.9582 4.01684 14.4684 18.2726 6.34842 -1.43789 18.0943 20.8899 10.0132 -3.80929 -2.08706 8.9014 12.6702 13.3932 11.4075 -3.78076 -5.93587 -2.8494 -7.43283 2.93858 11.5493 2.38572 -14.4125 -19.406 -7.89323 -3.83103 -5.23893 3.1093 7.87434 6.46212 3.27539 -4.82152 -4.25036 -2.44578 4.92729 10.2923 -0.213838 0.365298 4.7673 2.19431 -2.82331 6.06916 14.9186 10.1239 -16.879 -20.4945 -1.26252 7.0567 4.34641 12.328 18.3235 5.52852 -20.719 -35.0479 -13.21 8.36236 11.5083 11.6256 17.9611 8.45573 -14.2564 -26.9883 -4.69786 15.5933 14.2532 3.00656 10.3812 12.3364 3.89823 -1.53292 13.042 14.4968 7.62454 -2.1919 -1.47415 6.31074 9.41495 10.3433 9.13526 -1.82003 -3.26408 -1.92399 -4.84922 2.03471 7.64806 2.58895 -9.03669 -14.0974 -5.49156 -3.40169 -4.14095 2.34443 6.47024 5.93773 2.81056 -4.31724 -2.91346 -1.44812 4.84758 8.46031 -1.33544 0.401635 4.685 2.42882 -2.37472 5.03718 12.4488 8.57063 -14.2645 -17.0933 -0.883294 6.48877 3.76191 11.2974 15.7242 4.65584 -17.6911 -29.444 -9.95163 7.39166 9.23052 9.45916 14.9316 7.51139 -12.1504 -21.7344 -3.98588 12.8545 11.5865 3.14467 8.35422 10.664 3.64037 -0.180328 10.677 12.2439 5.58549 -1.48853 -1.42083 5.22667 7.37583 8.17691 7.38454 -2.06279 -3.19891 -1.26917 -3.89542 2.37776 6.64879 1.64739 -7.30373 -10.9205 -4.27636 -4.06939 -4.60119 2.596 7.60978 7.01695 3.16448 -4.81046 -3.15838 -1.92497 4.90593 8.70818 -1.17591 0.542405 5.07138 2.02417 -2.52222 6.57457 14.7243 8.99264 -17.4154 -17.8547 -0.00328608 6.73438 3.9014 12.3855 17.6169 4.61512 -20.5713 -32.5725 -10.6796 8.81012 10.372 11.0028 16.9163 7.36952 -15.2174 -24.9208 -4.01018 15.1119 13.2341 3.05353 10.5209 11.7159 3.52187 -0.567741 12.0087 13.2534 6.71099 -2.346 -0.971646 6.99468 8.37171 9.08663 7.83274 -2.34654 -3.23206 -1.97717 -4.5477 2.33074 7.17472 1.47779 -8.92521 -13.0618 -4.95145 -6.44839 -8.06074 3.07508 10.3959 10.0436 4.66108 -7.70946 -5.60905 -4.21837 6.37149 13.8826 -1.33957 -0.52031 6.84824 3.06738 -3.8759 8.05353 21.2404 15.4855 -25.5683 -31.2692 -1.57763 10.4279 6.28086 18.484 27.7455 8.69845 -30.5082 -52.1209 -19.3725 12.5031 16.2623 16.1753 26.1116 12.06 -22.003 -39.3075 -8.42807 22.1694 20.9568 4.33423 14.7256 18.4641 6.69266 -2.76589 17.1582 20.9681 10.293 -3.18133 -2.73935 8.96333 13.5062 13.6231 12.3386 -2.89049 -5.15038 -1.89809 -7.86069 2.6863 11.0981 3.00823 -13.3175 -20.9755 -8.73704 -0.674105 -1.19351 1.25065 2.19143 2.052 0.9174 -0.961648 -0.0449334 0.218985 1.9188 3.14371 -0.00209497 0.62283 1.57329 1.17949 -0.319516 2.52202 4.16788 2.10952 -5.23754 -4.53396 0.0873235 1.55186 1.06084 3.8578 5.32369 1.17546 -5.78586 -7.76022 -1.77836 3.0617 2.86765 3.71267 5.19044 2.29116 -4.17836 -6.0377 -0.114695 4.18217 3.14243 1.35415 3.39263 3.73634 0.662023 0.444041 4.42499 3.88617 1.40895 -0.583258 0.315419 1.70913 2.47587 3.20829 1.82154 -0.491234 -0.813965 0.338983 -0.404372 1.33882 2.51199 0.831796 -2.63875 -3.25225 -0.937228 -5.11567 -5.49043 2.89729 8.31993 7.51449 3.96851 -5.74037 -4.22293 -2.75076 5.95393 10.8704 -1.4352 0.0726795 5.36631 2.71098 -2.95727 7.31135 17.2653 11.6517 -20.1851 -23.5316 -0.973892 8.41293 5.6818 14.4038 21.0624 6.29971 -24.0406 -39.7544 -13.5723 10.2247 12.4797 13.2732 20.4277 8.96505 -16.756 -30.3591 -5.21119 17.3056 15.5788 3.21551 11.4594 13.9729 4.70945 -1.38388 14.3008 15.5853 7.57088 -2.30797 -1.36426 7.60237 10.8454 10.6114 8.70304 -2.29725 -4.13948 -1.75908 -5.93495 2.28825 9.26152 1.70149 -10.7925 -15.4327 -5.7804 -5.32768 -5.87085 3.13428 8.10623 7.60915 3.5468 -5.82121 -4.72061 -2.80805 6.42234 10.6329 -1.78777 0.720573 5.9944 2.39054 -2.97522 7.26279 16.7366 11.1424 -20.8564 -23.2337 -0.703855 7.83501 5.49611 15.2809 21.3758 6.08453 -24.8827 -39.9218 -13.8162 11.0702 12.7696 13.8489 20.6108 9.68028 -17.4702 -30.2325 -4.96864 17.0298 15.126 3.83454 12.2649 14.4462 4.29513 -1.34303 13.6215 16.6665 8.25968 -2.95131 -1.6426 7.54457 10.7807 11.4096 8.845 -2.67545 -4.08405 -1.58416 -6.29373 2.60903 8.88639 1.8828 -11.3662 -15.7365 -6.32727 -4.69702 -6.4487 2.85068 8.59773 7.54978 3.83278 -5.96665 -4.58282 -2.47817 6.56594 11.6544 -1.83197 -0.455832 5.88559 2.83056 -3.06013 6.97826 17.1312 11.495 -21.0772 -23.9788 -1.28134 8.28891 5.20224 15.3512 22.4802 6.92934 -25.2187 -41.4807 -14.9531 10.7666 13.2811 13.601 21.2637 9.51497 -17.2224 -31.4651 -5.63038 17.6233 15.8488 3.72944 11.4875 14.1886 5.11511 -0.971511 15.0237 16.4312 8.8381 -2.19994 -2.2125 8.118 10.7513 11.5668 9.62493 -2.48474 -4.49083 -1.81218 -5.98386 2.65081 9.38305 2.63118 -11.1842 -16.1409 -6.4763 -5.11772 -6.00021 2.71603 8.71101 7.93914 3.83403 -6.05182 -4.32431 -2.87712 6.36715 10.505 -1.98229 0.64459 5.69445 1.93495 -3.10769 7.10785 17.0663 10.9845 -20.8663 -23.1885 -0.217367 8.18657 4.9295 15.0349 21.4327 6.33132 -26.1795 -41.052 -14.107 10.9359 12.913 13.3356 21.1842 9.0907 -18.6123 -31.5761 -5.00106 18.1796 16.005 4.07985 11.9419 14.859 4.20575 -1.63077 14.5823 17.0704 8.27729 -2.29924 -1.1157 7.82826 11.1513 11.7449 9.59076 -2.17121 -4.68056 -1.71378 -5.93946 2.26314 8.66155 1.64871 -11.1656 -15.614 -6.67399 -6.62679 -7.93778 3.90297 10.5094 9.39257 4.78363 -7.0024 -5.66833 -3.64684 7.93375 14.2777 -2.63516 -0.255579 7.3445 3.54931 -3.85693 9.54548 21.6045 13.76 -26.5233 -29.8728 -1.31029 10.2373 6.87101 19.1196 27.2807 7.89993 -31.4446 -51.8274 -17.9071 12.7795 15.7998 17.0749 25.7428 12.1556 -21.4744 -38.2315 -6.42093 22.4673 20.2883 4.05724 14.8218 17.8454 6.42428 -0.951577 18.0346 21.067 9.52972 -3.66684 -3.04408 9.41585 13.066 13.4633 10.826 -4.51328 -5.51883 -2.14272 -7.35012 3.13835 11.6446 2.41921 -14.3318 -20.4372 -8.06149 -3.81626 -5.21325 2.63129 7.87973 7.00011 3.10215 -5.194 -4.09061 -2.45346 5.74771 10.3945 -0.973143 -0.478949 5.45836 2.74434 -2.6983 6.79865 15.7133 10.9379 -18.0389 -20.8641 -0.544993 7.51428 4.96069 13.5399 19.2411 5.78744 -22.66 -36.3452 -12.7952 9.63278 11.7136 11.911 19.0362 8.57999 -15.3795 -27.2802 -4.62913 15.5961 14.4142 3.58471 10.3172 12.8587 4.57101 -0.816007 12.6765 14.6551 7.70475 -1.88746 -1.99912 6.95106 9.99133 10.5615 8.07601 -2.41593 -3.73243 -1.80617 -5.03291 2.36869 7.59553 1.94902 -10.122 -14.0335 -5.28376 -6.30931 -8.17118 3.83604 10.0105 9.97774 5.31292 -7.01429 -5.66101 -3.25646 7.55578 13.6045 -1.68135 -0.781725 6.60138 3.07368 -3.98747 8.50678 21.4064 15.0684 -24.879 -30.2824 -2.19694 10.3347 6.4929 17.652 26.6229 8.12647 -29.7628 -49.9289 -18.9669 12.6527 16.1654 15.4613 24.8343 12.6857 -21.2039 -37.4456 -7.30318 21.6073 19.9734 4.07819 14.6109 17.4583 6.47705 -1.82197 17.6892 20.6229 10.2758 -3.333 -2.31615 8.48661 12.9659 13.2129 11.8828 -3.08826 -5.75046 -2.25187 -7.67267 2.05739 10.8285 2.46705 -13.4307 -20.0704 -8.1477 -6.82203 -9.40816 3.84859 12.1196 11.1684 4.96362 -8.6327 -6.19786 -3.78432 8.44641 15.488 -2.84587 -0.542402 7.46301 3.70679 -4.12912 10.4494 24.7457 16.4721 -29.8805 -33.8659 -2.12169 11.321 7.26346 21.0986 30.6512 9.07186 -35.3408 -57.9794 -20.7781 14.4291 18.2211 19.0727 29.3203 13.5085 -24.9156 -44.0658 -8.04579 24.7577 22.671 5.00149 17.175 20.4084 7.08478 -2.23581 20.0136 23.5131 11.182 -4.19465 -3.18204 10.1005 14.5415 15.6432 12.9026 -4.16817 -6.84589 -2.43178 -8.31653 3.44563 12.8631 2.90477 -15.5212 -22.9654 -9.38432 -4.85449 -5.38583 3.69254 7.85254 7.7488 3.28354 -5.75948 -3.65213 -2.84007 6.10734 10.7201 -2.23962 0.570087 5.51161 1.9058 -2.50415 7.24862 17.0801 9.98917 -20.7127 -22.3847 -0.267866 8.18495 5.31876 14.7744 21.0172 5.21681 -25.6102 -38.6257 -12.8201 10.6787 11.5894 12.9291 19.6968 8.17723 -17.6656 -29.0284 -3.56428 17.6973 15.244 3.51752 11.5811 13.3943 4.21893 -0.456205 14.5739 16.1134 7.00724 -2.91821 -1.10922 7.95921 10.1311 10.8665 8.98183 -3.15854 -3.74719 -1.88479 -5.4349 3.31262 8.14805 1.41477 -11.3513 -15.2571 -5.99988 -6.08823 -7.75549 4.09951 10.4917 9.96401 4.77263 -7.8861 -5.61387 -3.40763 7.43352 13.5291 -2.23432 -0.309949 7.62711 2.7669 -4.12666 9.25912 21.3903 14.5305 -26.4555 -29.9223 -0.805507 10.6677 6.58747 19.0225 27.403 7.87567 -31.1188 -51.4795 -18.3134 12.9885 15.9592 16.9655 25.358 12.2626 -22.5302 -38.7621 -7.24837 22.4921 19.5784 4.67959 14.646 18.0331 5.82671 -2.07788 18.2021 21.1254 10.6606 -3.86653 -2.15661 9.21199 13.0605 14.0442 11.2229 -3.13774 -5.61002 -2.08206 -7.71683 2.89467 11.612 2.6164 -13.9315 -19.925 -8.26659 
1024 1
-0.372766 -4.39086 -13.4464 7.87343 11.0091 -8.14623 -3.2844 -0.418869 -1.60005 -8.15873 -12.6197 18.7323 14.7893 -15.4033 -6.71557 -0.652303 -2.32701 -8.77886 -10.3527 22.0297 13.5869 -18.4611 -8.4736 -1.3591 -2.08904 -8.50712 -12.4246 20.7187 12.5958 -19.273 -6.39232 -1.53246 -1.06073 -8.54732 -18.7267 18.7927 15.2783 -18.6424 -5.50289 -0.963757 -1.37424 -10.0901 -22.743 21.8742 17.835 -20.3955 -6.60764 -0.541653 -0.952991 -9.07052 -22.9389 18.6635 17.4564 -22.3103 -7.44907 -0.236073 -0.403178 -4.90262 -15.7512 10.5524 4.17172 -20.6485 -4.91355 -0.257848 -0.202514 -2.72081 -9.01177 4.34168 8.36629 -5.27644 -2.14126 -0.327541 -0.788442 -5.75773 -8.56207 12.6204 11.0707 -10.3006 -4.37185 -0.162693 -1.69029 -5.63745 -7.08434 14.688 10.1666 -12.6409 -5.31865 -0.626378 -0.809675 -5.12649 -8.14162 13.4219 9.43131 -13.3425 -4.96441 -1.25511 -0.699706 -5.03692 -12.8282 12.3856 10.7028 -12.463 -3.88972 -0.130875 -0.342575 -6.42831 -15.7964 13.9503 13.8692 -13.7598 -4.97282 -0.549331 0.170152 -6.29645 -15.854 12.2325 13.2802 -15.7123 -5.47578 -0.138787 0.384112 -3.34599 -10.4547 6.85727 3.60093 -14.4637 -3.19357 0.444934 0.112115 -2.13075 -7.79626 4.72675 6.19737 -4.06695 -1.47426 0.561346 -0.956089 -4.23615 -7.44978 10.6642 8.31589 -8.63394 -3.96576 -0.765122 -0.77194 -4.91005 -5.88904 12.6697 8.01141 -10.928 -4.18732 -0.757466 -1.02289 -4.91059 -6.5517 12.0954 7.73536 -10.6827 -3.94703 -0.553699 -0.84544 -4.64561 -10.6473 10.974 8.64744 -10.1727 -3.22772 -0.177283 -0.219526 -5.39156 -12.8359 12.9109 10.4739 -11.9527 -3.28015 0.446221 -0.0874603 -5.03443 -13.5138 10.3941 10.5443 -12.3782 -4.05201 0.457089 -0.273934 -2.44358 -8.79642 6.51998 2.27275 -11.8734 -2.52824 -0.0348331 -0.505756 -2.59144 -8.45988 5.25989 6.93831 -4.51636 -1.22899 -0.234779 -0.9007 -5.39365 -7.53174 12.8379 9.13405 -9.74013 -3.91889 -0.673719 -1.48986 -5.61246 -6.52618 15.0735 8.20143 -11.5082 -4.65233 -0.441849 -1.0753 -4.96925 -7.28274 14.0487 7.49625 -12.4486 -3.92065 -0.486483 -0.397273 -5.76786 -11.0375 12.9524 8.8538 -11.5843 -3.37896 -0.0363932 -0.628854 -6.76468 -14.7023 14.6729 10.8526 -12.6895 -4.09926 -0.109675 -0.0206355 -5.98443 -15.1131 13.2107 10.9993 -14.4124 -4.61232 -0.328828 0.355808 -3.58902 -9.95595 7.25952 2.03759 -13.8414 -2.18541 -0.167495 -0.367419 -3.7643 -13.5793 6.66504 11.4469 -7.6347 -3.19204 -0.360169 -1.85376 -7.83561 -13.7828 17.8377 15.9585 -15.5536 -7.12509 -0.935982 -2.23296 -8.5462 -12.1599 22.0102 14.7265 -19.0913 -8.0667 -1.77083 -1.7571 -8.21621 -13.0129 20.4479 13.5476 -19.2432 -6.97091 -1.90974 -1.10389 -8.56995 -18.9426 18.0924 16.6538 -19.4722 -5.83238 -1.21808 -0.665477 -10.0879 -24.0099 20.5231 19.7583 -20.2426 -7.5939 0.0127243 -0.439492 -9.10206 -23.8895 16.8513 19.5285 -22.8366 -8.21656 0.261219 0.329178 -4.70538 -15.6534 9.40975 6.08436 -21.9588 -5.28058 0.130708 0.253688 -0.879086 -2.42618 2.14856 1.69378 -0.741661 -0.0903904 0.884719 0.320548 -1.04913 -1.4043 3.93349 2.40936 -2.16108 -0.87481 0.0787459 0.332922 -1.03762 -0.941404 4.43479 1.62798 -3.27209 -0.868534 -0.0238715 -0.159197 -0.74653 -1.08807 4.12437 1.52478 -3.06823 -0.210252 0.505824 -0.0362419 -0.867347 -2.87061 4.31121 2.40639 -2.6591 -0.393095 0.288846 -0.0236267 -2.10003 -3.00717 5.44321 2.95131 -3.65221 -0.719188 0.472251 0.577373 -1.23688 -2.85821 4.14671 2.72914 -3.77186 -0.599257 0.0236642 0.224917 -0.908687 -2.24988 2.87962 0.136782 -3.29623 -0.177545 0.703606 -0.498103 -3.27744 -10.5857 6.16037 8.05179 -5.92272 -2.27239 0.0234356 -0.838841 -6.76691 -10.0572 14.6097 11.0239 -11.9225 -5.59931 -0.100776 -1.53975 -7.35927 -8.79321 16.9643 10.3628 -14.3735 -6.27503 -0.761533 -0.890752 -6.16931 -9.78581 16.0841 10.1133 -14.3888 -5.66962 -1.29722 -0.90413 -6.70646 -13.9303 15.1004 11.3219 -14.7632 -4.63234 -0.131478 -0.728692 -7.61043 -18.2558 17.1794 14.089 -16.1311 -4.9363 0.108627 -0.42944 -6.70561 -17.8904 14.7478 14.0245 -17.9009 -5.61475 -0.167795 0.526996 -3.81666 -11.9598 8.40278 3.04838 -16.2514 -4.06411 0.29698 0.130377 -4.00462 -10.5319 6.48767 8.03677 -6.28729 -1.8947 0.410726 -0.753719 -7.15317 -9.75979 14.7279 10.9161 -12.715 -4.75775 -0.218759 -1.18202 -6.85975 -7.88681 17.4626 9.60933 -14.7608 -5.92379 -1.44633 -1.22664 -6.87966 -10.0044 16.9986 9.617 -15.3544 -5.33548 -0.680809 -1.38473 -6.63863 -14.1932 15.4884 10.9538 -14.8965 -4.40661 -0.903479 -0.959769 -7.72919 -18.3051 18.0024 14.316 -16.571 -4.89001 0.235497 0.0510721 -7.53787 -18.747 14.6224 13.9152 -17.5289 -6.02098 -0.0654473 -0.342404 -3.93259 -12.5671 7.66422 2.82553 -16.5246 -3.35163 0.166245 -0.520222 -3.55375 -10.3306 5.58662 9.09915 -6.45424 -2.56074 -0.464563 -1.52624 -6.61918 -10.2152 14.5134 12.4404 -12.4952 -5.14124 -0.488519 -1.29241 -7.59241 -8.47865 17.7697 11.6057 -15.4801 -6.94581 -1.5759 -1.47509 -6.90956 -10.4507 16.767 10.5208 -14.9539 -5.80207 -0.667285 -1.23073 -6.96161 -15.3156 15.513 12.5382 -15.1115 -4.13318 -0.321372 -0.368239 -7.64739 -18.4168 17.2554 14.8132 -16.196 -5.70593 0.232981 -0.27052 -7.62805 -18.8505 14.6599 14.4463 -18.2549 -6.0429 -0.0846417 0.11261 -3.38962 -12.6707 7.88812 3.97789 -17.2925 -4.21912 0.519016 -0.166527 -3.89548 -10.305 5.73492 8.35123 -6.04321 -1.84561 -0.0623719 -1.30125 -6.78416 -9.57695 15.2305 10.8648 -12.8322 -5.37724 -0.334238 -1.84985 -6.98136 -8.48922 17.7384 10.0115 -15.4622 -5.91813 -0.703907 -1.07783 -7.27169 -10.0778 16.9241 9.29347 -15.5239 -5.51209 -0.540866 -1.13102 -7.28325 -14.0956 16.026 11.9398 -14.7275 -4.58132 -0.696303 -1.03939 -8.45579 -18.0958 17.8252 14.1058 -16.7881 -5.46322 0.0903358 -0.904771 -7.54783 -19.1923 15.1339 13.9875 -17.7805 -6.15341 -0.187665 0.420398 -3.92665 -12.313 8.11051 3.28717 -17.3902 -4.03133 -0.291987 -0.794945 -5.01014 -13.0716 8.12452 11.187 -8.44975 -3.326 -0.407139 -1.77346 -9.00534 -12.5728 19.2286 14.3983 -15.4747 -6.92936 -1.11429 -2.35157 -9.07367 -10.4722 22.2649 13.1591 -18.4346 -8.4598 -1.60119 -1.94111 -8.12006 -12.2259 21.1612 12.5873 -18.6942 -7.30153 -1.80394 -1.79661 -8.14148 -18.028 18.5236 14.6569 -18.9664 -5.98186 -0.592328 -1.30885 -9.85637 -23.1855 21.9354 18.3154 -20.0688 -6.37409 0.0622046 -0.667402 -9.20051 -23.3416 17.6914 17.5032 -22.705 -7.72837 0.256346 -0.0875026 -4.98591 -14.841 9.88087 3.50711 -20.7574 -4.7408 -0.261455 0.3197 -3.14097 -9.87011 4.94992 8.11318 -5.69141 -1.70841 0.480454 -1.28018 -6.14505 -9.27773 13.7417 10.4791 -11.1837 -4.70378 -0.376321 -1.80181 -6.60241 -7.64667 15.9967 10.36 -13.7843 -5.68853 -1.0445 -1.34517 -5.92085 -8.6635 14.8381 9.03641 -13.948 -4.83496 -1.0594 -0.725068 -5.73037 -13.3436 13.3858 10.7445 -13.703 -4.38632 -0.614947 -0.741664 -6.8868 -17.0502 15.5792 14.0141 -14.481 -5.06951 0.433082 0.0224108 -6.07085 -16.6625 13.4816 13.6619 -16.7285 -5.77486 -0.294982 -0.0109951 -2.78326 -11.0553 7.69104 3.0868 -14.6956 -3.83417 0.384387 -0.203455 -4.33771 -12.851 6.96024 11.1158 -7.35544 -2.62177 0.300985 -1.49513 -7.50429 -13.1362 17.8704 15.3967 -15.1 -6.99976 -1.00283 -2.04036 -9.05039 -11.4761 20.9879 13.6391 -18.5517 -8.11852 -1.56101 -1.87126 -7.4145 -12.9452 19.6345 13.4419 -18.9934 -7.32296 -1.27711 -1.09167 -7.52618 -18.6966 17.4728 16.0724 -18.6026 -6.1768 -0.823048 -1.28774 -9.34469 -22.567 20.4565 18.6059 -20.039 -7.16608 -0.293477 -0.702672 -8.61778 -22.8219 16.7938 18.7568 -22.4512 -7.42431 -0.645512 -0.327369 -4.64587 -15.1043 9.1436 5.06349 -20.9956 -4.58288 -0.41065 -0.577155 -4.66099 -15.6009 7.87362 11.8698 -9.32509 -3.24962 -0.380823 -1.54525 -9.42179 -15.2137 21.4472 17.4635 -17.917 -8.0664 -1.30553 -2.10019 -10.5751 -12.2687 24.9166 15.5688 -21.2704 -9.24363 -1.62208 -1.71411 -10.0052 -14.0145 23.0767 14.3879 -21.7343 -8.22842 -1.19865 -1.52815 -9.6974 -21.4278 21.4803 17.7623 -20.8949 -7.17731 -0.790657 -1.14129 -11.7596 -26.4385 24.3298 21.2027 -22.8319 -7.4739 -0.653431 -1.09674 -10.1995 -26.4678 20.5382 20.6098 -26.0285 -9.12623 -0.510941 -0.278188 -5.58222 -17.6366 11.5124 5.53685 -24.1023 -5.34449 -0.0775184 -0.500473 -3.97799 -10.6674 7.12276 7.5513 -6.49571 -1.83979 0.25919 -1.49553 -7.02396 -9.53447 15.2865 9.85278 -12.3794 -4.36638 -0.636454 -1.11584 -6.95674 -8.01511 17.339 8.48395 -14.4395 -5.56364 -0.901837 -1.11758 -7.01273 -9.08422 16.8153 8.61555 -14.7835 -5.30426 -1.22671 -1.20683 -7.12283 -14.2588 15.5177 10.1982 -14.1391 -4.39584 -0.339126 -0.437646 -8.26332 -17.7824 17.6894 12.896 -16.3552 -4.65616 -0.0227336 -0.169838 -7.51018 -17.3287 16.1073 12.7217 -17.7422 -5.24729 0.18142 0.0938391 -3.41206 -12.1648 8.73235 1.75994 -16.2994 -3.11434 0.138075 -0.507004 -4.36163 -13.2361 7.51615 10.4656 -7.68412 -3.21844 -0.460694 -2.0684 -8.63416 -13.2887 18.7189 14.4505 -15.5637 -7.24032 -1.20167 -1.60092 -8.6731 -11.2039 22.3875 13.1497 -18.6517 -8.02305 -1.99472 -1.81856 -8.21963 -12.4914 20.8748 12.6257 -19.591 -6.34226 -1.59985 -1.27471 -8.27819 -18.1195 19.3628 14.9353 -19.1777 -5.20765 -0.693406 -1.20453 -10.4769 -23.5903 22.0843 18.348 -20.8424 -7.15381 -0.16494 -1.07677 -9.61166 -23.5012 18.5288 18.0546 -22.2882 -7.56002 -0.468973 0.0109635 -5.23515 -15.3482 10.2094 3.80968 -21.005 -4.54611 0.166296 
1024 1
16.1502 21.2571 2.62806 -23.8134 -30.802 -8.55424 16.416 15.9102 27.0726 25.9794 12.0169 2.76464 -2.01814 4.20387 13.3821 16.0143 22.3863 23.223 25.2457 24.1736 16.6832 8.48544 0.628194 3.09275 3.24218 1.44343 6.17712 11.4381 6.96313 1.34445 -9.54017 -5.34165 -8.03824 -18.9042 -24.8074 -17.5546 0.0512367 2.7349 -8.6549 -5.96296 -0.541142 -3.73847 -12.504 -13.6847 4.28744 7.17842 -7.95336 -5.73989 5.79384 13.1495 9.96503 0.635095 2.71989 -0.321945 -11.3755 -5.02673 3.76561 9.68017 11.8652 2.69848 -5.96514 -11.1866 -9.05761 -2.26728 10.4242 14.887 1.82186 -16.4038 -20.9233 -6.26936 10.8984 10.9994 18.2506 17.7019 7.85768 2.43283 -1.49249 3.07673 9.52358 10.6636 15.2062 16.8164 17.7386 16.3866 11.7522 5.66169 0.940391 2.52871 2.47504 1.34761 5.37851 7.48169 5.13194 1.29272 -6.75787 -3.71717 -5.31288 -13.2541 -17.3216 -12.0223 -0.0864132 2.10865 -4.96862 -4.12738 -0.631562 -3.2142 -8.72235 -9.00923 2.95389 4.96787 -5.50561 -4.30824 4.41581 9.20856 7.03619 0.18442 2.64096 0.170716 -7.18602 -3.42811 2.52779 7.11001 8.52474 2.92885 -3.53195 -7.00884 -6.49216 -2.25051 9.9071 12.4741 1.6278 -13.8654 -17.1641 -4.93663 10.1379 8.92547 15.7716 15.1625 6.81443 1.68236 -1.07177 2.43859 7.75904 9.22489 12.752 14.0956 14.8729 13.8598 10.4507 4.83347 0.865232 1.6773 1.55253 1.15937 3.76706 6.99294 4.24502 0.994555 -4.86158 -3.24533 -4.65649 -11.2081 -14.0118 -9.92439 0.332054 2.07881 -4.48139 -3.04283 -0.681229 -1.80249 -6.71299 -7.55695 2.38372 4.22822 -4.68382 -3.06687 3.05245 7.76511 6.50506 0.877594 2.15739 0.577604 -6.60445 -3.15193 2.0538 5.5694 7.45805 2.17782 -2.67121 -5.70543 -4.86613 -1.67162 11.2064 13.6576 1.26463 -16.1905 -20.2308 -4.35319 10.7366 9.52854 18.3576 16.3578 7.71862 1.36164 -1.62713 3.25332 9.28124 10.3689 14.8197 15.5565 16.5279 15.5256 11.0182 5.4128 0.639073 2.45208 2.50623 1.39479 4.81434 7.8159 4.68816 0.335243 -5.64096 -3.53368 -5.07075 -12.7891 -15.686 -10.183 0.233551 2.29715 -4.85932 -3.27463 -0.997043 -2.63255 -9.02565 -8.64277 3.30292 4.81681 -5.3896 -3.77691 3.83677 8.49224 6.63266 0.641042 1.6354 -0.150585 -7.20249 -2.76793 2.86262 6.83405 7.78416 2.4916 -3.30448 -7.03868 -6.19177 -1.57317 16.0163 21.8858 3.12717 -23.9623 -31.7339 -9.88037 16.6045 16.2217 27.5448 27.022 12.0588 3.12967 -2.75184 3.39653 13.5859 16.6454 21.7238 24.3793 25.7182 23.9487 17.8652 8.85004 0.677714 3.0106 3.13052 1.45344 6.75041 11.3618 7.56883 1.53049 -9.27745 -6.19567 -7.84828 -19.8698 -25.9068 -17.9625 -0.338372 3.63443 -8.61554 -6.89315 -0.597489 -4.23083 -12.934 -14.8169 3.12223 7.90267 -8.12684 -6.48562 5.48277 13.1954 10.1434 -0.0896636 2.56539 0.1404 -11.1297 -5.62927 3.42044 9.59316 12.4234 3.03851 -6.3565 -10.6769 -10.0066 -2.82393 3.77712 4.07327 -0.0556501 -4.55717 -4.61157 -0.720616 3.26702 2.69219 5.77221 4.26157 2.31281 0.466246 0.60272 1.81993 2.70199 2.77232 4.63195 4.44967 4.84845 4.49448 3.49591 1.43596 0.878025 0.727678 1.01031 0.796446 1.45016 2.3793 1.47408 0.677483 -1.4269 -0.677754 -1.20791 -3.17858 -4.08852 -1.79972 0.843355 0.885302 -1.28501 -0.442864 0.456575 0.0896902 -1.72451 -1.46876 1.98384 1.89773 -1.49827 -0.2126 1.65695 2.72923 1.80085 0.515586 1.4449 -0.109047 -1.28572 -0.284162 0.691333 1.76592 2.07186 0.710796 -0.2146 -1.43022 -0.862428 -0.0728098 12.3171 16.9667 2.07417 -18.646 -24.1856 -6.38624 12.8408 11.8969 21.491 19.9294 9.88233 2.60407 -2.44345 2.42185 10.221 12.6313 17.5219 18.9961 19.6615 18.8896 13.9933 6.8289 -0.0841417 2.02756 2.86066 1.16969 5.48755 9.46112 6.36105 0.672822 -7.51749 -4.71754 -6.56461 -14.9322 -19.1203 -12.9716 0.255343 2.2233 -5.90551 -4.34746 -0.856998 -2.74296 -10.0946 -11.1192 2.78225 6.07111 -5.70071 -4.38231 4.61327 10.6578 7.6311 0.334694 2.2957 -0.168631 -8.61345 -3.69088 2.77624 8.19922 9.57703 2.431 -4.86624 -7.81192 -7.39466 -2.2599 13.1839 16.4251 1.50145 -19.1099 -24.6436 -6.92747 13.5943 12.2713 22.3502 20.4427 9.80336 1.97272 -2.37206 3.15121 10.7849 12.8361 18.0172 19.4017 20.1007 19.0642 14.1015 6.64529 0.164887 2.45272 2.57461 1.78642 5.94535 9.54234 6.32589 0.487933 -7.84734 -4.3523 -6.57565 -15.8767 -19.9852 -12.8931 0.169038 1.97637 -6.58597 -5.18627 -0.678062 -3.57764 -10.8269 -10.8894 2.9451 5.76123 -6.40003 -4.21135 4.76064 10.3497 7.76569 0.189803 1.63399 -0.02045 -8.51301 -3.68873 2.81384 7.87725 9.58646 2.12754 -4.60308 -8.293 -7.32733 -1.66662 13.3131 17.6528 2.68376 -19.0567 -25.5899 -7.27296 12.8235 12.6214 22.1034 20.9339 9.17163 2.73706 -1.40595 3.11688 10.8472 12.8111 18.2702 19.599 20.9928 20.083 13.8491 6.82228 0.670112 2.55928 2.96975 1.14809 5.76131 9.14018 6.44262 0.825122 -7.66893 -4.29095 -6.63838 -15.8257 -19.9706 -14.163 0.051109 2.79331 -6.37059 -4.53575 -0.215216 -3.07114 -10.1961 -10.8176 2.88517 5.7059 -6.42272 -5.25869 5.08952 10.1022 8.81786 0.182741 2.36893 0.441233 -8.71156 -3.98217 3.40374 7.94936 9.41527 3.1442 -4.17561 -8.48826 -7.51695 -2.54638 13.5357 16.7637 1.82067 -20.1949 -25.5963 -6.99686 13.2402 12.7906 22.6179 21.4124 9.87242 1.86649 -2.608 2.6714 10.4865 12.4882 18.0479 20.0482 20.5368 18.9984 14.1894 7.26195 0.793407 2.85433 2.6154 2.05159 6.12647 9.5354 6.23623 0.53773 -7.52414 -4.43393 -6.6062 -15.3374 -19.9389 -13.4181 0.0484857 2.83448 -6.68155 -4.47548 -0.327547 -3.77122 -10.3108 -11.7681 3.40361 6.13133 -6.72715 -4.25958 5.30079 10.3614 8.4989 0.466395 1.97614 0.179451 -9.13313 -3.73468 2.98051 8.44143 9.48896 2.04442 -4.24803 -8.32456 -7.67529 -2.2505 16.8851 21.0867 3.1792 -24.0494 -31.518 -8.5336 16.9422 16.1852 27.872 26.4609 11.594 3.49275 -1.6509 3.70801 13.0822 15.8787 21.9986 23.481 25.5957 24.5569 17.5586 8.11092 0.139289 2.40778 2.44528 1.30767 5.85244 10.5676 7.13383 0.911842 -9.59597 -5.93207 -8.02524 -19.6135 -25.8271 -17.2953 -0.29314 3.43562 -8.06897 -5.97649 -0.656228 -3.69701 -12.9678 -13.8643 4.5773 7.10408 -7.57561 -6.19842 5.86003 12.8017 10.8587 0.277113 2.62123 -0.28456 -11.6003 -4.73918 3.13376 9.56571 11.5548 3.28277 -5.59239 -10.6266 -8.9863 -2.64402 11.6152 14.9665 2.01324 -17.4146 -22.7637 -6.44012 11.7065 11.3964 20.0102 18.8677 9.05095 2.51664 -1.37088 3.11496 9.22947 11.4175 16.5042 17.7787 18.4423 17.5817 12.4205 6.33344 0.562732 2.35596 1.96101 1.68508 4.7594 7.85317 5.59974 0.611675 -6.51849 -4.30097 -5.83334 -14.235 -17.7744 -12.3658 -0.0594361 2.74194 -5.34167 -4.87327 -0.660492 -2.58746 -8.99464 -10.2409 3.1807 5.73849 -5.38775 -3.96033 4.5259 8.98144 7.23893 0.112199 2.4058 0.75362 -7.70638 -4.05571 2.99287 7.57931 8.37729 2.41529 -4.51117 -7.26911 -6.62692 -2.00308 15.9927 20.703 3.44418 -23.8403 -30.9887 -8.7083 15.4684 15.4152 26.4883 26.1687 12.0228 3.07188 -1.96433 3.56451 13.3712 15.4922 21.3628 23.1464 25.0805 23.6496 16.8152 8.05859 0.269189 2.33359 2.57498 1.45679 6.28037 10.6494 7.0054 0.898267 -9.08758 -5.88965 -7.79203 -18.8403 -24.8076 -17.2848 -0.391792 3.15238 -7.49311 -6.03736 -0.9394 -3.72819 -12.857 -13.2152 4.18903 7.01449 -7.66106 -6.00188 5.35462 12.2298 10.5898 0.652615 2.36459 0.141161 -10.84 -4.9869 3.71286 9.14403 11.3019 3.12196 -5.71516 -10.1916 -9.28903 -2.39865 18.1272 23.6614 3.14995 -27.7672 -35.7201 -10.2402 18.3144 17.9326 31.3569 29.5519 13.7137 3.89389 -3.12427 3.81061 14.9356 18.092 24.8232 26.9402 28.6492 27.6184 19.6753 9.59465 0.27045 3.20475 2.94765 1.73166 7.69118 12.731 8.12627 1.02659 -10.9169 -6.34722 -9.31823 -21.7284 -28.9736 -19.4817 -0.215033 3.33381 -9.40089 -7.55527 -0.793855 -5.07199 -15.1547 -16.5667 4.33772 8.42377 -8.88567 -6.54932 5.94662 14.8924 11.5649 0.477273 2.9693 -0.317066 -13.3076 -6.55146 4.20713 11.4043 13.6926 3.27144 -7.01909 -12.6219 -10.5329 -3.11227 12.7082 15.946 1.45166 -19.2496 -23.3104 -5.84062 13.538 11.6477 21.599 19.2548 8.86531 1.97988 -1.38678 3.11177 10.1848 12.5283 17.1124 18.4244 19.8377 18.9394 13.4005 6.38065 -0.124647 2.59286 2.43104 1.54196 5.84677 9.09271 5.17034 0.804802 -7.38493 -4.20952 -6.87697 -15.6363 -18.8288 -12.2977 0.469132 2.39766 -6.62219 -4.1374 -0.406379 -2.99368 -10.6284 -10.1358 3.49285 4.82642 -6.03915 -4.38058 4.94854 9.78401 7.44782 0.460266 2.69831 -0.387844 -8.98044 -3.80654 2.57147 8.10157 8.80213 1.7768 -4.50054 -8.20717 -7.1248 -1.82855 16.4052 20.7963 2.42129 -25.0284 -30.8793 -8.32035 16.9096 15.553 27.4282 26.4596 11.5906 3.20099 -2.19185 4.21884 13.011 16.0396 21.9001 23.9159 25.2486 24.5141 17.5475 7.94573 0.207387 3.45819 3.49942 1.63073 7.51019 11.4733 6.99021 0.857589 -10.0041 -5.24283 -8.11883 -19.6373 -24.6677 -17.1383 -0.121695 3.309 -8.75501 -6.11839 -0.720542 -4.46511 -13.315 -13.8176 3.94843 7.17893 -8.0183 -5.90101 6.21618 12.9653 10.0102 0.621853 2.83627 0.248382 -11.1193 -4.98577 3.10526 9.8868 11.6671 2.74056 -5.52398 -11.0838 -9.12428 -2.9007 
1024 1
2.18942 14.0284 18.5383 6.65039 4.92848 12.8719 7.74377 1.03037 -0.0322527 4.46802 0.753666 -10.9021 -9.4115 11.6976 17.4789 5.53766 -6.31309 -14.434 -19.5459 -25.3439 -25.3275 1.78874 21.5797 8.07182 -9.03109 -16.9748 -8.72871 1.29311 -2.39075 7.00183 15.8997 3.89804 -7.19956 -17.7871 -7.40564 18.919 23.3861 12.1855 2.5372 -1.5321 -4.18624 -19.7418 -27.5217 -5.63763 13.0922 13.9123 6.97444 0.0263204 -1.28592 -3.64554 -7.92517 -11.957 -4.57348 8.26803 7.25694 -0.409575 -0.546258 7.18382 13.7911 9.02519 5.25747 2.28513 -3.77947 -2.57639 1.37991 9.65809 13.1014 4.81203 3.22986 8.11949 5.86808 1.28223 0.421577 3.74191 1.23227 -6.98254 -6.16831 7.28621 12.3311 4.32532 -3.40007 -9.51772 -13.0924 -16.9764 -16.8183 0.964055 15.4188 6.49712 -5.04989 -11.1902 -5.90243 0.368882 -2.18991 4.97243 11.5378 3.09318 -4.63542 -11.6968 -5.39476 12.7876 16.5319 9.11749 2.27127 -1.32377 -2.28977 -12.6933 -18.2351 -4.27496 8.98574 9.34368 4.87732 0.733728 -0.160761 -2.75384 -5.62412 -8.0206 -3.26909 5.92964 5.32618 -0.19378 0.145601 5.11439 10.1801 6.31057 3.191 1.96336 -2.30978 -2.09057 1.48055 8.12819 10.2853 3.42578 2.94203 7.61252 4.33567 0.588179 0.426639 2.88195 0.757783 -5.98372 -4.57033 7.27209 10.3371 3.93055 -3.33334 -8.52888 -11.1755 -14.5682 -14.0893 0.917476 12.6691 4.67592 -4.36795 -9.76975 -5.26787 0.996142 -1.35487 4.33806 9.23099 2.17033 -4.10748 -9.90729 -4.11111 10.9722 13.5406 7.05667 2.16918 -0.362017 -2.5538 -11.399 -15.4561 -3.49896 7.63274 8.66627 4.42019 0.372301 -0.76851 -2.07172 -4.24006 -6.46761 -2.09212 4.94471 4.65627 0.200739 0.50664 3.94778 8.23687 5.0822 3.16651 1.78383 -1.67613 -1.26365 2.01789 8.80913 11.7982 3.78209 3.427 7.94738 5.25359 0.829266 0.286643 2.97348 1.15115 -6.84633 -5.59887 8.10209 11.9448 3.47545 -3.32063 -8.92661 -12.2765 -16.6955 -16.1115 2.48116 13.6616 4.91412 -5.12978 -11.1798 -5.30586 0.232538 -1.5732 5.13134 10.3871 2.97478 -4.42229 -11.0173 -3.46107 12.1002 15.7527 8.14335 1.95556 -0.888456 -2.15811 -13.3389 -16.7366 -2.98777 9.36033 9.49081 4.15654 0.379357 -0.277336 -2.80687 -5.21735 -8.30429 -2.58358 6.35437 4.2429 -0.131264 0.0366444 5.58561 9.4979 5.35676 3.34351 2.24719 -2.49905 -2.15721 1.93174 13.3037 18.2922 6.86063 4.27685 12.8552 8.33805 0.650881 0.399872 4.43789 1.38289 -10.8847 -9.37282 11.8399 18.6384 5.8405 -5.3104 -14.1871 -20.4652 -26.143 -25.8007 0.697081 22.0178 8.50149 -8.56255 -17.9155 -9.33182 0.822455 -3.09371 6.6696 16.9395 4.24077 -7.09505 -17.1986 -7.49474 18.2928 24.7333 12.5052 2.94512 -1.53497 -4.35115 -19.6372 -27.6154 -6.31162 13.742 14.7078 7.23691 -0.0725181 -0.98941 -3.56606 -9.00018 -12.9226 -5.05697 8.43658 7.40729 0.0251871 -0.043938 7.67574 14.3787 8.79378 5.41978 3.14684 -3.07333 -3.61576 1.18147 3.27941 3.19562 1.1853 1.15684 2.58895 1.83824 0.346768 -0.0202777 1.19374 0.592544 -2.13915 -1.43997 2.47197 2.90337 1.23905 -1.14063 -2.48221 -2.93938 -4.48527 -3.4171 0.989863 4.35698 1.47918 -0.76446 -2.11972 -0.399809 0.847839 0.532303 2.6347 3.36548 1.16404 -0.728091 -3.12051 -0.831326 4.31354 4.37387 2.722 0.408932 0.236803 -0.584814 -2.8434 -3.96474 -0.230642 2.42535 2.86389 1.77524 0.261817 0.696496 -0.285745 -1.05566 -1.2108 0.100349 1.75702 1.07355 0.426812 0.0965093 1.48168 2.61587 1.42935 0.941819 0.437063 0.0248252 0.269909 1.35916 10.3497 14.5889 5.33813 4.27553 10.3343 5.94179 0.696272 0.568389 3.81026 1.32733 -8.87973 -6.81757 9.65846 13.9177 4.70611 -4.82441 -10.9449 -15.5332 -19.7376 -20.1167 1.67134 16.81 6.2272 -6.34037 -13.2623 -6.93821 0.933145 -2.29782 5.10366 12.7552 3.54049 -5.47621 -13.6732 -5.38991 14.5197 18.6562 9.74725 2.39836 -1.19877 -2.8361 -15.5502 -21.3297 -4.37205 11.5095 11.5073 5.7673 0.0867287 -0.486739 -3.067 -6.25105 -9.3551 -2.86139 6.38873 5.98328 0.268646 0.312096 5.71585 11.2656 6.69834 4.0343 1.48903 -2.95031 -1.77368 1.75572 11.514 14.2244 5.53722 4.39222 10.3897 5.74892 0.832693 -0.12761 3.4685 1.37826 -9.02843 -7.08391 10.2174 13.9836 4.95687 -5.12524 -11.9105 -15.7161 -20.1171 -20.0005 1.9786 17.3 6.13915 -6.59322 -14.0473 -6.68278 0.348495 -2.92008 5.015 12.4895 3.29165 -5.13429 -13.8826 -5.21778 15.5012 18.8814 9.5439 1.96205 -1.02761 -2.72622 -15.4465 -21.3822 -4.12298 11.5603 11.8294 4.90404 0.567665 -1.08639 -2.94521 -6.82908 -9.85798 -3.66498 6.50118 5.56537 0.376894 -0.244522 5.79121 11.0338 6.66057 3.73311 1.70356 -2.35418 -2.6154 1.93396 11.0122 15.1804 5.94562 4.3937 10.5882 6.48548 1.46591 0.508468 3.12143 0.890767 -8.79593 -6.90206 9.10994 13.9962 5.3339 -4.2705 -11.4893 -16.2666 -20.3158 -20.0762 1.54919 17.633 6.40631 -6.3228 -13.7523 -7.27353 0.205703 -1.95033 5.58694 12.9204 3.37251 -5.14053 -13.5202 -5.828 15.2451 19.9574 9.58428 2.68374 -0.860779 -3.62735 -15.3316 -22.2888 -4.25382 10.8216 11.1438 5.89104 0.932251 -0.31104 -3.49035 -6.43718 -9.52312 -3.02945 6.65768 5.9756 0.390567 0.47883 5.54618 12.0614 7.34885 4.14831 1.77347 -2.99928 -2.59842 1.31012 10.7615 14.3648 5.72752 3.71368 10.4761 6.28776 0.399593 0.494358 3.91763 1.69657 -8.25991 -6.43969 10.3534 14.8405 4.94737 -4.43048 -11.5244 -16.0968 -20.8342 -20.6906 1.54761 17.4224 6.17166 -7.31967 -14.0981 -6.73391 0.338361 -2.95904 5.44215 13.3798 3.13745 -5.86137 -13.6674 -5.43096 15.4662 19.586 10.0371 2.2449 -1.12983 -3.32247 -16.3897 -21.996 -3.88337 12.203 11.3836 5.05098 0.667905 -0.229122 -3.13347 -7.34493 -9.6041 -3.19185 7.23603 5.23128 0.420534 -0.411 6.64941 11.4937 6.76057 3.77878 1.67654 -2.58922 -2.27532 2.57451 13.459 18.7096 6.58689 5.25837 12.4236 8.57738 0.970432 0.0920584 3.80369 0.975233 -11.6573 -9.4346 12.0813 17.6367 5.91515 -6.09347 -14.9294 -20.3761 -26.4252 -25.5089 1.80015 22.0708 8.20053 -8.84596 -17.5824 -8.21664 1.3125 -2.51781 7.415 16.5999 3.55789 -6.89065 -17.3378 -6.93383 18.7803 23.7853 12.5389 2.97939 -1.38192 -4.47798 -19.9248 -28.0228 -5.98121 13.4025 13.9108 6.41961 0.776938 -0.520266 -3.63439 -7.60906 -12.036 -3.67215 8.60388 7.00768 -0.323047 0.335049 7.40809 14.7507 8.51417 4.74387 2.65465 -3.96124 -2.82996 1.62956 9.84907 13.024 4.9806 3.26352 9.57912 5.40301 0.746535 0.248666 2.93439 1.6022 -7.30645 -6.40883 9.09492 13.1299 4.14618 -4.08585 -10.2435 -14.1901 -18.4877 -18.3466 0.898803 15.8515 5.79198 -5.98763 -12.4716 -6.42595 0.505274 -2.65975 5.50803 11.4965 3.05406 -4.96303 -12.4805 -5.42054 13.5424 17.2012 8.60971 2.62237 -0.508174 -2.86219 -13.6703 -19.1674 -3.57566 10.4748 10.2003 4.58589 0.22186 -0.109589 -2.64463 -5.97748 -9.05489 -2.84211 5.95046 5.08695 -0.257822 0.0536906 5.70081 10.5243 6.26974 3.99011 2.2049 -2.94621 -2.43393 1.51785 12.8584 18.178 6.51874 4.41178 12.3142 7.81696 1.49517 0.0183649 4.61694 1.37318 -11.0843 -9.42043 11.1822 17.5613 5.80343 -5.83851 -14.499 -19.6307 -24.5547 -25.2129 1.20973 21.7576 8.69949 -8.05792 -16.7366 -9.0131 0.701249 -2.94072 6.48178 15.8876 3.84917 -6.49563 -17.4521 -7.2055 17.2937 23.793 11.7712 3.1647 -1.87166 -4.08818 -19.0074 -27.0867 -6.23754 12.8638 14.1436 7.1915 0.359306 -0.34798 -3.80973 -8.20375 -11.923 -4.80739 7.80764 6.71784 0.150725 0.186578 6.94238 14.5358 8.10572 5.28666 2.39104 -3.59449 -3.13629 2.03331 15.4241 20.7434 7.97695 5.5312 13.9738 9.43231 1.44892 0.204269 4.46213 1.23028 -12.2682 -10.8814 12.9429 20.0572 6.27614 -6.78634 -16.7104 -23.0057 -29.3987 -28.797 1.64574 24.377 9.54663 -9.37208 -20.1472 -10.147 0.976094 -3.58735 7.31977 17.9907 4.7137 -7.84299 -20.071 -8.41328 20.6844 27.5975 13.9314 3.71016 -1.88097 -4.44062 -22.7493 -31.6358 -6.5172 15.5884 15.9037 8.03451 0.749669 -0.866606 -4.86176 -9.84302 -13.9319 -4.84543 9.5254 8.514 -0.121221 -0.0758618 8.36544 15.9999 9.33333 6.04902 2.48359 -4.05462 -3.6538 1.90235 10.8778 14.1459 4.51085 4.43144 9.72766 5.783 0.903419 0.540213 3.56451 0.611737 -9.02658 -6.29295 9.3171 14.0926 4.32144 -4.97384 -11.594 -14.8916 -19.9177 -18.7699 3.10222 16.4032 5.91785 -6.78468 -13.4854 -6.46088 0.32585 -2.28543 5.83853 12.5071 2.34794 -5.54393 -13.7833 -4.96735 14.9133 18.359 9.23599 2.37347 -1.05133 -3.65188 -16.0023 -20.5813 -2.96081 10.5722 10.8051 4.8761 0.24681 -0.339594 -3.19038 -6.19122 -9.18072 -3.00795 6.48633 5.66926 0.345221 -0.092996 6.04615 11.5426 6.74963 4.04309 2.00991 -2.70793 -2.53378 2.23927 14.1942 18.1824 6.33026 4.99136 12.2764 7.99323 1.24079 0.0535759 4.13881 1.46725 -10.8561 -8.70716 12.47 18.1556 5.83475 -6.09651 -14.2856 -20.3881 -25.8502 -24.9563 1.46964 21.4397 7.96589 -8.67016 -17.5822 -8.4416 0.950051 -3.05467 7.21525 15.7251 3.89515 -6.78271 -17.5718 -6.72661 18.6337 24.1906 12.0561 2.34952 -1.80483 -3.9627 -19.8293 -27.0434 -5.47686 14.0644 14.2381 7.03241 0.761542 -1.0647 -3.55643 -8.87394 -12.5967 -3.81929 8.58055 6.98372 -0.0507218 0.275984 7.42508 14.2343 8.60235 4.72884 2.44192 -4.10726 -2.53524 
1024 1
-1.16416 -7.34951 -16.2507 -13.34 -2.62315 -1.89107 -2.92569 -1.90398 -5.88782 -15.2039 -18.9432 -6.5778 3.09944 -7.57587 -10.2996 -4.49456 -5.31574 -2.59338 -0.244104 8.68228 15.3215 4.60629 -2.34773 -3.15384 5.52753 20.484 19.5334 17.6558 22.5605 21.7289 12.6825 1.53567 10.2712 25.703 19.8252 8.22554 15.7269 15.8678 9.40171 1.73979 4.30412 12.0512 9.67116 -3.06126 4.46862 7.74421 -0.0581255 -0.518982 -1.14711 -0.798292 -4.97113 -23.251 -12.5096 3.48243 1.40944 0.661273 -1.0344 -2.41418 -10.7422 -30.2256 -29.1066 -4.00234 5.17819 3.04249 -0.880475 -4.49579 -10.4441 -9.33335 -1.90816 -0.289456 -1.96602 -0.501502 -3.98465 -9.7371 -13.2333 -5.06476 2.08705 -4.20703 -7.09359 -3.31515 -2.88948 -2.41092 -0.0719185 5.64168 10.8961 3.0089 -1.47262 -2.0275 3.45661 13.7411 13.3 12.6397 15.2982 14.6595 8.85256 1.58252 6.57859 17.1856 13.5744 6.34944 10.8415 11.3611 6.86145 1.27075 2.88053 8.55618 6.59518 -1.16941 2.798 5.11045 0.448506 -0.437906 -0.524221 0.066263 -3.28391 -15.5974 -8.71873 1.87974 0.77287 0.631067 -0.308465 -1.36824 -7.1195 -20.2408 -20.6935 -2.91804 3.90524 2.2417 -0.327703 -4.12092 -8.46719 -7.05641 -1.71592 -0.917449 -1.4192 -0.689421 -3.90388 -8.32031 -10.8082 -3.57998 2.09135 -4.26857 -6.06024 -2.37575 -2.28549 -1.34143 0.0507557 4.94298 9.34677 2.08536 -1.22738 -1.37839 3.72306 11.9233 11.2024 10.7329 13.188 11.9082 7.29353 1.05027 6.04857 14.6448 11.2539 5.41128 9.69253 9.74729 5.45138 1.1513 2.55763 7.09767 5.56322 -1.70501 2.85255 4.29358 0.210449 -0.218242 0.0507938 -0.280755 -2.73836 -13.0444 -6.87237 1.84343 0.548511 0.251607 0.0743958 -0.966873 -6.11143 -17.4878 -16.2616 -2.22714 3.61528 1.97185 -0.520171 -5.3691 -10.3783 -8.30507 -0.987039 -0.952372 -1.97427 -0.919437 -3.55942 -9.8283 -12.0559 -3.7546 1.92342 -5.11818 -6.47511 -2.29653 -3.26213 -1.48132 -0.330473 6.36033 9.59455 2.5416 -1.2493 -2.08526 3.821 13.5815 12.4507 11.5075 14.8004 13.5095 8.33945 0.909426 6.67133 16.4569 12.9065 5.53891 10.9865 10.9786 6.27099 0.914598 2.91655 8.6564 5.97873 -1.28302 2.90185 4.8354 0.202622 -0.426919 -0.638168 -0.430617 -3.67586 -15.1285 -6.71799 2.00376 0.742733 0.134356 -1.05576 -2.00562 -6.95785 -20.309 -18.5468 -2.48882 3.75767 2.12552 -1.63079 -7.7833 -15.6587 -13.5501 -3.06625 -1.71816 -3.16209 -1.59929 -6.62915 -15.0115 -19.4272 -7.87357 3.13562 -6.58465 -10.2651 -4.77569 -4.61684 -2.69903 -0.645147 8.59843 16.1657 4.95948 -2.34391 -2.56281 5.8298 19.5551 19.5145 17.4879 22.6551 22.2523 13.6366 2.01241 9.29772 25.8896 20.4012 8.45474 16.6454 16.8346 10.3932 1.73467 3.59953 12.5336 10.9332 -2.38802 4.24268 7.99826 0.413351 -0.711338 -1.16139 -0.499118 -5.33397 -23.4553 -12.721 4.19325 0.837441 0.682658 -1.49328 -2.58371 -9.99293 -30.9672 -30.5586 -4.60842 5.92678 3.36057 -0.191089 -1.39896 -2.17964 -1.27949 0.509002 -0.106028 0.0678847 0.560662 -1.04045 -2.28307 -2.63295 -0.768019 0.551553 -0.951689 -0.966241 -0.178952 -0.926182 -0.505699 0.874189 2.26084 2.56051 0.510447 0.385768 -0.457979 1.74655 4.13276 3.45212 3.19254 4.06032 3.56766 2.61454 0.538964 2.2803 4.99313 3.29256 1.63189 3.7714 2.51917 1.45018 0.284479 1.41504 2.86235 1.57836 0.05795 1.31206 1.10337 0.146069 0.187003 -0.177046 0.0925205 -0.307019 -4.2485 -1.43545 1.21953 0.24709 0.968011 0.0729441 -0.0228273 -1.94888 -5.0764 -3.90483 0.392858 1.85564 0.411963 -1.10995 -6.12312 -12.4662 -10.2812 -2.01587 -1.24852 -1.99033 -0.542644 -5.10066 -11.1446 -14.3985 -4.97635 2.62257 -5.18413 -8.282 -3.62214 -4.09415 -1.73134 -0.679213 7.01828 12.4257 3.00823 -1.99049 -2.57197 4.7389 15.7461 15.1621 13.7597 17.8219 16.8882 10.0157 1.8769 8.28431 20.4168 15.3525 6.54248 12.6822 13.2999 7.47749 1.10145 3.80573 9.91638 7.46023 -1.83158 3.84433 5.66031 0.397208 -0.112807 -1.21727 -0.66429 -4.04795 -18.0106 -9.29787 3.54327 1.28866 0.165966 -0.65489 -1.92635 -7.92684 -24.4603 -23.2031 -3.41805 4.87066 2.05083 -0.708163 -6.37342 -12.6914 -10.6052 -2.17154 -1.26816 -2.00223 -1.32905 -5.15236 -11.6558 -14.3327 -5.39178 2.28352 -5.58801 -8.25294 -2.89059 -3.49206 -2.1051 -0.351134 6.88702 12.3711 2.93657 -2.30937 -2.56837 4.98197 16.1943 14.7903 14.5777 18.5045 16.5744 10.5287 1.69114 8.05132 20.2516 16.0015 7.04449 13.4812 12.9832 8.08775 0.760056 3.32677 9.96731 7.53586 -2.72027 3.73383 5.89028 0.304272 -0.748503 -0.300399 -0.40413 -4.34125 -18.6388 -8.83916 3.32946 1.09376 0.46937 -0.824813 -1.67601 -8.56068 -24.8881 -22.6077 -3.18116 4.88027 2.17866 -0.992344 -5.71105 -12.4959 -10.9504 -2.08745 -1.20752 -2.35573 -0.897198 -5.32196 -11.8294 -15.0707 -5.33793 1.85824 -5.72553 -8.60902 -2.86465 -3.72843 -2.25759 -0.232324 7.11694 12.3769 3.10205 -1.64682 -2.01283 4.92946 15.7278 16.1948 14.6143 18.2217 17.7576 10.9143 1.98457 8.30583 20.9861 15.9898 6.81537 12.9693 13.4658 8.37274 1.04695 3.42324 9.81688 7.65559 -2.20895 3.8734 5.78994 -0.0789875 -0.457499 -0.634425 0.236889 -4.74345 -18.3445 -10.2221 3.08052 0.952585 0.199383 -0.491565 -2.00198 -7.95757 -25.1117 -23.9671 -3.20118 4.95459 2.26426 -1.05504 -6.44971 -12.8599 -10.2074 -1.51114 -1.52494 -2.47909 -1.10091 -4.84618 -12.4268 -14.862 -5.09716 1.67979 -6.31156 -8.20955 -2.93599 -4.27629 -2.58493 -0.359738 7.11506 12.0303 2.73915 -2.29314 -1.91572 4.86843 15.839 15.8508 14.0181 18.9628 17.6124 9.95619 1.49588 7.91777 20.9485 15.7853 6.75642 13.7663 13.2458 8.03794 1.16993 3.84471 9.76404 7.65319 -1.85411 3.77855 6.10621 0.152192 -0.418696 -0.428445 -0.340918 -4.79374 -18.4522 -9.02831 3.01009 1.17218 0.264581 -0.757804 -1.85376 -8.82965 -25.1712 -23.4486 -3.08555 4.9725 2.63905 -2.0214 -8.26074 -16.2177 -13.206 -2.40162 -2.30972 -3.3172 -1.54688 -6.69947 -15.2414 -19.1083 -6.20514 3.1615 -6.91258 -10.262 -4.0379 -5.13829 -2.50653 0.26038 9.72324 16.1828 4.32924 -2.6882 -2.81579 5.45336 20.1389 19.9411 18.0244 23.1456 22.012 12.712 2.16169 9.79897 26.0539 19.7548 8.96239 16.6463 16.4723 9.52093 1.02194 4.13518 12.0954 9.05141 -3.2737 4.22761 7.3989 -0.696639 -0.474321 -1.58324 -0.317547 -5.65606 -23.5258 -12.8665 3.5438 1.0071 0.538651 -1.5336 -2.69865 -10.0466 -30.7164 -29.6936 -4.53756 5.57862 3.11988 -1.19621 -5.6438 -11.2687 -9.82124 -1.97966 -0.549847 -2.00204 -0.772911 -4.24133 -10.6376 -13.0576 -5.07024 2.53501 -4.57735 -7.44394 -3.38404 -3.24642 -1.53379 0.210867 6.82464 11.4966 2.96143 -2.02152 -1.6568 4.3645 14.0766 14.0114 12.3475 16.3269 15.1075 9.42337 1.55251 7.0541 18.1735 14.7347 6.36504 11.4648 11.6541 6.88992 1.29329 3.43031 8.38969 7.79049 -1.68816 2.67412 5.29121 0.307721 -0.277004 -0.959637 0.112894 -3.50314 -16.1792 -8.86811 3.02034 1.07411 1.05385 -0.13358 -1.98913 -7.77542 -22.0951 -21.193 -2.68401 3.6146 2.57536 -1.04187 -7.09619 -15.8401 -12.9824 -2.91853 -1.62212 -2.86289 -1.00987 -6.13456 -14.4497 -18.3651 -6.98955 3.13524 -6.93121 -10.3991 -3.83031 -5.23117 -2.487 0.0470301 8.35244 15.4388 4.35888 -2.58859 -2.67363 5.51411 19.1725 18.6034 16.7743 22.5088 20.5714 13.0814 2.12566 9.77611 24.4699 19.8201 7.88131 15.7127 15.7079 10.1701 1.75182 4.33531 11.7444 9.72615 -2.64361 3.26837 7.5055 -0.109748 -1.26062 -1.25118 -0.577721 -5.29071 -22.3705 -12.0971 3.36354 1.05227 0.894484 -0.738338 -2.47385 -9.58902 -29.6014 -29.1675 -4.33266 5.27148 3.07179 -1.55483 -9.32952 -18.2511 -15.8073 -3.23831 -1.86555 -3.83452 -1.9502 -7.62523 -17.1307 -21.2438 -8.3637 3.47346 -8.27764 -11.9521 -5.16666 -5.4329 -3.20366 -0.842315 10.2146 17.2803 4.95541 -3.03664 -2.96859 5.9045 22.2122 21.9905 20.2167 25.8952 24.7408 14.2431 1.86781 11.5523 29.1924 22.64 9.45786 18.1034 18.6424 11.1513 1.21338 4.36771 13.4703 11.0691 -3.66583 4.84891 8.68058 -0.283032 -1.03353 -1.59953 -0.504402 -6.56181 -26.8885 -14.3918 3.90767 0.79331 0.609116 -1.25274 -2.883 -12.3415 -35.4587 -33.9079 -5.35209 6.11264 3.35129 -0.661824 -6.56648 -12.2684 -10.2467 -1.35607 -1.72733 -2.24807 -0.57053 -5.04872 -11.537 -13.9332 -4.80791 1.80808 -6.09186 -7.30756 -3.0674 -3.43002 -1.7015 0.122011 6.98467 11.8633 3.20596 -1.99571 -1.57275 4.7368 15.737 14.2706 14.3881 17.9258 16.3167 9.37854 1.49664 8.23054 20.4616 15.0909 6.48744 13.3838 12.0238 6.99063 0.868554 3.9487 10.1006 7.30743 -2.79051 3.70406 5.42051 -0.100062 -0.917969 -1.07324 -0.458417 -4.59008 -18.2759 -8.7587 2.93924 0.861528 0.56619 -1.21976 -1.84216 -8.24137 -23.956 -22.1342 -2.08915 4.24312 2.41369 -1.13119 -8.06953 -15.6064 -12.9947 -2.80911 -1.23944 -3.2029 -1.85581 -5.93279 -14.8919 -19.4201 -7.04449 2.9516 -7.4249 -10.2714 -4.67098 -4.87784 -2.94923 -0.49199 9.10116 15.1053 3.46449 -2.90164 -3.16025 5.7093 20.2217 19.6593 17.8839 22.908 21.17 12.4645 1.7658 10.0348 25.3183 19.6506 8.99598 15.9799 16.3382 10.1551 1.76071 4.06146 12.5393 9.56752 -3.25104 4.21584 7.60872 -0.476019 -1.38926 -1.40239 -0.0854033 -5.17224 -23.6242 -11.4546 4.05359 1.08327 0.611111 -0.8579 -2.54552 -10.8415 -31.1478 -28.9815 -4.08761 5.86419 3.03348 
1024 1
1.04239 3.00608 7.23882 3.35713 3.66788 12.5147 11.8957 2.96467 2.05862 3.48856 1.94524 -3.70792 -0.991918 11.8208 12.6776 6.05886 -1.5225 -9.10558 -14.3438 -17.4186 -11.2465 4.06857 8.61316 3.77622 -2.29315 -8.96279 -9.6396 -2.29432 -1.65356 3.83387 1.89789 -0.593053 2.47859 5.36283 8.85527 12.098 5.68717 -7.89185 -9.96299 -5.83464 5.47011 8.8326 13.1474 13.2757 -4.91863 -26.8591 -21.0548 -5.07938 3.0645 2.00281 3.6822 8.05594 5.60597 -0.322299 4.13398 6.22151 0.594495 -2.33828 -8.04541 -11.3398 -3.0488 17.7237 26.8531 10.9891 0.250106 2.67652 4.79051 2.74902 1.90673 8.44116 8.23648 2.17884 0.954735 2.44097 1.95741 -1.83306 -0.229339 7.92247 8.66605 4.86881 -0.00813757 -5.41515 -10.0846 -12.4724 -8.14332 2.4874 5.87925 2.97536 -2.04498 -6.5585 -6.55623 -2.33182 -0.778304 2.70988 1.5107 -0.474218 1.9086 3.59849 5.94162 8.26651 4.54113 -4.28056 -6.94475 -3.87529 3.85648 6.9864 8.66723 9.84759 -2.85175 -17.9868 -14.6375 -3.79894 2.77055 1.98989 2.65048 5.67728 3.85759 -0.843317 1.78662 4.60605 0.506695 -1.27591 -5.49429 -7.07302 -2.00551 12.242 18.5423 8.06383 0.483367 2.03104 4.76864 2.28519 1.8299 7.46806 6.93144 2.05602 0.921759 2.29613 1.27975 -1.71157 -0.653279 7.56917 7.92029 4.16087 0.000326748 -5.12441 -8.51685 -10.5001 -6.54875 2.28964 5.08349 2.65754 -1.3969 -4.70121 -4.95778 -1.51231 -0.421315 2.55073 1.58912 0.110281 1.6363 3.18857 5.47888 6.92124 3.74409 -4.33713 -5.37295 -3.57645 4.10235 5.08952 7.72573 7.51407 -2.94638 -15.0375 -12.5683 -3.19778 2.26953 0.955861 1.95351 4.66741 3.599 -0.280632 1.84902 4.47681 0.385817 -0.61593 -4.8346 -5.87113 -1.68685 9.93067 16.0701 6.23247 0.839097 2.40151 5.02967 1.97252 2.80119 8.54248 7.70321 2.60037 1.32744 2.22931 2.20179 -1.83942 0.378575 8.69375 8.56559 4.09802 -0.829116 -5.15615 -8.93985 -11.3833 -7.43005 3.63073 5.85778 2.44714 -1.54779 -5.52604 -6.00314 -2.01405 -0.269062 2.31456 1.26109 -0.299024 2.32646 3.78364 5.45502 7.93846 3.38217 -4.34162 -6.39515 -3.24515 3.72601 6.12444 8.44373 8.35895 -3.44564 -17.5839 -13.2418 -2.95204 2.76508 1.33284 2.59825 5.42133 3.56514 -0.533851 2.49425 3.88139 0.769314 -1.56418 -5.48463 -6.87526 -1.84208 12.199 17.2949 7.0741 0.851516 2.91596 7.90835 3.72257 2.78147 13.0041 12.2571 3.2877 1.97308 2.833 2.33866 -3.47886 -1.10618 12.4668 13.6729 6.09907 -1.12472 -8.93667 -14.9212 -17.7062 -12.1783 4.3553 9.50532 3.75306 -3.14074 -9.43537 -10.1622 -3.15248 -1.3387 2.90883 2.46186 -0.900219 2.79945 5.36444 8.49892 11.8245 5.5282 -7.02092 -10.2662 -6.61881 5.51388 8.95771 12.8005 13.5913 -3.75807 -27.1911 -22.2624 -5.66264 2.95166 2.43128 3.5061 8.9785 7.00774 -1.28314 2.848 7.18037 0.402228 -1.88926 -8.56609 -11.7333 -3.57688 17.4638 27.7364 11.7371 0.954472 1.28807 2.03991 0.370999 1.25276 2.75181 1.92476 1.11008 0.801515 0.940191 0.251102 -0.283419 0.430447 2.76162 2.858 1.50713 0.21297 -1.62019 -2.08367 -2.86648 -1.69354 1.84369 1.62722 0.806204 -0.31086 -0.923437 -1.09062 0.466726 0.82978 1.63899 0.305804 0.554931 1.08928 1.79155 2.40673 2.22403 1.16382 -1.49559 -0.926199 -1.00703 1.45978 2.50182 2.65768 2.14416 -0.760274 -4.42954 -2.77044 -0.642086 1.04596 0.407576 1.16926 2.0333 0.79617 0.550559 0.896772 1.54169 0.669229 0.054891 -1.15708 -1.50248 -0.045431 3.8345 4.85829 1.75387 0.815815 2.49139 5.84476 2.01087 2.61294 10.1276 8.81258 3.12247 1.28525 2.66604 2.3237 -3.05144 -0.872538 9.72924 9.8308 5.02743 -0.410606 -6.53071 -11.4905 -14.3209 -9.16025 3.3648 6.99744 2.60427 -2.54572 -6.60538 -7.04334 -2.17743 -1.06283 2.28016 1.8584 -0.93077 2.32613 3.71571 6.51789 9.56873 4.27236 -6.15021 -7.64886 -4.0729 5.11245 7.51905 10.5278 10.9927 -3.95412 -21.1865 -16.5403 -4.29637 2.93366 1.99641 2.75456 6.44991 4.82969 -0.333103 2.58666 5.09804 0.840463 -1.68603 -6.13351 -8.94045 -2.6176 14.372 21.1237 9.4258 1.13688 2.72574 6.35597 2.31184 3.148 10.6341 9.14381 2.84144 1.27023 2.37656 1.98814 -2.51098 -0.363053 9.58505 10.5021 4.53234 -1.23546 -6.47562 -11.6533 -14.2363 -9.02851 3.81453 7.39589 2.76169 -1.70395 -6.90947 -7.33906 -2.47556 -1.18539 3.03386 1.38275 -0.74127 2.30089 3.73717 7.23094 8.98122 4.37369 -6.44602 -7.66868 -4.94335 4.71565 7.36403 10.4718 10.8792 -4.07489 -21.3152 -16.3595 -3.86115 2.5295 1.26665 2.82098 7.30383 4.48159 -0.0979027 2.44281 5.62912 0.925958 -1.14959 -7.00776 -9.03408 -2.02465 14.6777 21.644 8.78933 0.859884 2.51207 6.07095 2.54501 2.66169 10.3023 9.60925 3.14754 1.54816 2.33265 2.019 -2.98587 -0.544984 9.54764 10.7747 5.39735 -0.709476 -6.55195 -11.5456 -14.2874 -9.28931 3.79736 7.24443 3.04164 -1.93074 -7.02773 -7.22375 -2.30771 -1.25793 2.70503 1.95058 -0.292755 2.51835 3.91266 6.89685 9.0875 4.60109 -5.76773 -8.08309 -5.24866 5.17047 7.31524 10.1228 10.8501 -3.54301 -20.9687 -17.816 -4.56389 2.89977 1.96363 3.29574 6.68611 5.25796 -0.920924 3.2289 5.45679 0.997173 -1.29048 -6.29336 -9.46789 -3.35519 14.4594 22.4567 9.63628 1.0325 2.2783 6.29076 2.13223 3.10529 10.6395 9.15201 2.72795 1.68642 2.62981 2.39381 -2.7736 -0.389162 10.5235 10.307 5.42152 -0.573738 -6.45735 -11.9291 -14.5144 -9.748 3.20892 7.55763 3.45328 -1.99421 -7.17541 -8.15739 -2.23671 -1.33792 3.04984 1.64068 -0.944249 2.75256 3.84252 6.91829 9.61392 4.61322 -5.88292 -8.52975 -4.73347 5.39936 7.97826 10.6281 10.594 -3.8544 -21.1399 -17.4735 -4.14002 3.20905 1.50555 3.75286 7.62067 5.03601 -0.509048 2.99627 4.9778 0.734912 -1.04396 -6.39429 -8.37262 -1.94991 14.7337 21.544 9.49883 0.956525 3.2877 7.4594 2.96204 3.96486 13.0719 12.0888 3.90217 1.42792 2.97318 1.71671 -3.25294 -1.10435 11.7841 12.8373 5.81322 -1.03683 -9.17579 -15.3215 -18.4463 -12.2656 3.70652 8.58425 3.70463 -2.27571 -9.23344 -9.00887 -2.21134 -0.848933 3.57558 1.9468 -1.21555 2.47569 5.76732 9.03236 11.318 5.26885 -8.22837 -10.3237 -6.06558 5.96412 9.75027 12.8766 13.7407 -5.34868 -26.5698 -21.218 -4.76601 2.85868 1.27286 3.19643 7.86909 5.84713 -0.280254 4.3849 6.53996 0.860466 -2.04937 -8.22138 -11.8349 -4.11747 18.1192 27.4264 11.0611 0.67068 2.02594 5.12514 2.64835 2.26463 8.95208 8.40283 2.81553 1.76449 2.73188 1.80862 -2.61413 -0.277411 8.66816 9.93614 4.77992 -0.741739 -5.5149 -9.99633 -12.6744 -8.55565 3.27536 6.66859 2.2961 -1.37273 -6.31604 -6.75217 -2.49248 -1.28257 2.02723 1.28539 -0.388034 1.68729 3.63345 6.25996 8.31655 3.97793 -5.05666 -6.81998 -4.362 4.38319 6.72244 9.25545 9.41608 -2.98497 -19.085 -15.0262 -3.97724 2.38274 1.72647 3.08473 6.42559 4.32512 -0.741556 2.74202 4.66559 1.06886 -1.53978 -6.13438 -8.33536 -2.67176 13.0105 19.8327 8.12218 1.17704 3.63984 7.28118 2.97868 3.31032 12.6244 11.7443 3.14666 1.97214 3.56826 2.04253 -3.21375 -1.18172 11.0626 13.0872 6.35023 -0.762401 -8.37288 -14.4602 -17.8134 -11.6077 3.45877 8.61583 3.81924 -2.81403 -8.54176 -8.81709 -2.76283 -1.51592 3.19922 2.20484 -1.25965 2.6248 4.77029 8.3971 11.0321 5.91605 -6.9757 -10.6777 -5.92743 6.04775 8.93055 12.197 12.9258 -4.23753 -25.4567 -21.0609 -5.4211 3.1139 1.65739 3.4483 7.75557 6.19149 -0.226543 3.88547 7.02259 0.700717 -1.52333 -8.44521 -10.8875 -4.17705 17.5684 27.0674 11.5279 0.598703 3.23687 8.59756 3.98293 4.28065 15.0516 13.3856 4.19436 1.48641 3.69963 3.039 -3.76208 -0.834714 13.9321 15.2707 6.57963 -1.6886 -9.95133 -16.9989 -20.3657 -13.947 4.29105 10.0015 4.35885 -2.77982 -10.1467 -10.7723 -3.81819 -1.45559 3.45909 2.40238 -0.605379 3.04634 5.60012 10.3079 13.0885 5.73902 -8.92249 -12.301 -7.15989 7.17037 10.1175 14.0864 15.4627 -4.98533 -29.8729 -24.5172 -6.54702 3.5761 1.65832 4.42935 9.56421 6.73687 -1.25358 3.68888 7.21344 1.02502 -1.86143 -9.99895 -12.9377 -4.44711 20.7082 31.0234 13.2528 0.457048 2.54416 5.44106 2.01678 3.01469 9.94485 8.96338 2.67177 1.24629 2.7283 1.58476 -2.93732 -0.105083 10.2745 9.48901 5.05504 -1.23291 -6.45195 -11.1843 -14.0376 -8.1633 4.18018 6.64332 2.97325 -1.9343 -6.8766 -7.22935 -1.66758 -0.67158 3.16648 1.49809 -0.311972 1.85798 4.1166 6.5077 9.31686 4.26381 -5.73152 -8.101 -3.89667 4.48202 7.21308 9.58283 10.521 -4.46613 -21.0635 -15.7876 -3.65988 2.20629 1.12333 3.50811 7.1279 3.95676 -1.03493 3.12507 5.39421 1.04263 -1.09469 -6.46942 -8.57416 -2.00417 14.0378 20.5942 8.65572 0.936464 3.04614 7.24781 2.85828 3.80394 12.984 11.4681 2.97199 2.04745 3.0872 2.76422 -3.55597 -0.543441 12.1862 13.1213 6.19816 -0.92599 -8.75534 -14.6815 -17.7499 -11.7319 3.82365 8.79264 3.60417 -2.36947 -9.68712 -9.01647 -2.94428 -1.86774 3.05584 1.80213 -0.628853 2.81561 5.17529 8.29985 11.6126 5.03872 -7.66552 -10.3004 -5.51343 6.16152 9.13079 12.5312 13.2102 -4.59476 -26.3805 -21.1627 -5.22523 3.11044 1.68384 3.57527 8.88339 5.95947 -0.846842 3.13509 6.38542 0.879989 -2.09378 -8.11534 -10.9016 -3.25865 17.6833 27.2149 11.0462 
1024 1
0.862966 10.4474 22.2649 16.7926 11.7982 7.84481 -0.450986 -2.34939 0.708739 14.2771 21.8443 13.6215 4.52738 11.5969 7.37325 -2.97573 -0.466986 15.8621 16.6813 15.9157 13.3406 11.5481 10.6975 -0.0312994 0.158614 14.1585 15.8217 -4.72477 4.76997 7.65039 3.81405 1.12506 -2.76734 3.80509 16.2372 -3.60619 -25.3546 -18.8475 -9.96294 -1.54108 -4.63403 -11.371 6.41649 4.75705 -22.8783 -34.4671 -17.6864 -3.27208 -3.64377 -16.4212 -16.6887 -1.79128 -10.5658 -26.8302 -14.882 -2.48949 -1.42258 -8.71527 -21.803 -15.0535 -2.23774 -5.45829 -8.03309 -1.64068 0.311944 6.46438 15.3707 11.5739 7.62164 5.40039 0.216839 -1.55359 0.824448 10.0739 15.2113 10.1602 3.69792 7.24261 4.94801 -1.16883 -0.00997947 10.8804 12.2177 10.7599 9.0933 7.80408 7.65464 0.520867 0.467291 9.51402 10.7196 -2.82607 3.59588 5.20725 3.02955 0.587001 -1.76908 2.62061 10.9959 -1.88616 -16.8998 -12.5169 -6.52378 -0.539597 -3.12849 -7.33259 4.37129 2.85806 -14.6597 -23.9209 -11.7511 -2.51189 -1.55525 -10.8478 -11.4709 -1.55171 -7.18653 -18.7264 -10.0767 -1.55354 -0.361183 -5.98904 -14.7192 -10.0344 -1.63811 -3.49638 -5.25238 -0.657006 0.538611 6.03486 12.6984 9.92385 7.20188 4.5959 -0.0520474 -1.61201 0.857814 8.69486 12.1707 7.99407 2.65543 6.32543 4.21062 -1.29248 0.247249 9.27699 10.4848 9.21306 8.16752 7.22434 6.59614 0.373842 -0.0255999 8.43894 8.64713 -1.89031 2.38001 5.04998 2.73586 0.865139 -1.36183 2.20365 9.40276 -1.86365 -14.47 -9.99362 -5.78298 -0.301588 -2.26839 -6.40816 3.51745 2.77142 -12.788 -19.459 -9.71697 -1.94783 -1.9872 -9.11037 -9.60842 -0.408761 -6.13804 -15.4151 -8.54691 -1.01053 -0.886453 -4.90966 -12.3474 -8.54728 -1.06946 -2.83269 -4.28489 -0.428782 0.662334 7.51651 14.1049 10.9664 7.91909 5.11954 -0.298849 -1.30398 1.12104 10.3629 14.1942 8.85395 2.79666 7.49138 4.41762 -1.57535 0.675283 10.945 10.9759 10.5788 8.13678 8.21602 6.26588 -0.0568557 0.0792476 9.92461 9.61075 -2.48477 3.25418 5.73194 2.75218 1.12094 -0.934983 3.52519 10.6877 -2.32565 -15.3905 -11.7826 -6.14821 -0.47368 -3.24477 -7.45107 4.4732 2.98073 -15.3621 -21.7942 -10.4664 -1.81917 -2.20973 -10.8894 -9.8843 -0.943225 -7.82393 -17.2137 -9.1153 -1.35049 -0.627903 -6.46165 -14.6938 -8.48594 -0.790784 -3.38439 -4.93076 -0.344808 0.481627 9.72913 22.7561 17.0172 11.5956 8.31966 -1.00126 -2.54726 0.650567 14.353 22.4969 14.8961 4.67556 11.876 7.55589 -3.0531 -0.614892 15.8944 18.1798 16.0228 14.2235 11.4021 11.1894 0.148071 -0.279734 13.4257 16.7788 -4.18806 5.2175 8.08109 4.0148 1.02129 -2.22895 3.80127 17.3093 -2.69084 -25.236 -18.3471 -10.2247 -2.06185 -4.60003 -11.5311 6.4496 6.45895 -22.4674 -35.4268 -18.6943 -3.47392 -3.46076 -15.8655 -17.61 -0.910434 -10.2985 -27.5798 -16.3902 -2.46124 -1.13376 -8.35657 -22.8043 -15.6191 -1.9581 -5.04874 -8.55171 -1.98864 0.837278 2.28268 4.21255 2.92741 2.01053 2.2038 0.0969567 -0.0846254 0.598919 3.12837 3.87177 2.85835 1.11359 2.51178 0.930686 0.120613 0.532344 3.58541 3.10689 3.59963 2.98008 2.75612 2.11573 0.232189 0.558782 3.53334 2.90033 -0.92185 1.05393 1.40985 0.827887 0.165399 0.0590152 1.70984 3.0784 -0.488369 -3.65202 -2.3737 -1.56122 -0.13438 -0.767718 -1.45947 2.23881 1.17255 -4.44585 -4.95852 -2.40864 0.130808 -0.278205 -2.24712 -2.07088 -0.0534688 -2.04309 -4.65557 -1.55778 0.564783 0.519676 -1.40591 -3.90035 -1.93355 0.329369 -0.806667 -0.94715 -0.0205769 0.2301 8.55271 16.9118 13.3321 9.28173 6.23821 -1.03974 -1.31883 1.01243 12.0446 17.0313 11.4631 3.58431 8.67287 5.80311 -2.23144 0.500992 12.7851 13.7855 12.6283 10.2311 9.13187 8.11611 0.743793 0.504359 11.0243 11.9416 -3.25794 4.22614 6.17168 3.56074 1.40168 -1.96052 3.93207 13.5308 -2.76757 -19.8305 -13.8903 -8.14104 -0.589321 -3.0586 -8.62103 5.57726 4.46429 -17.5811 -26.7938 -13.2087 -2.07627 -2.5031 -12.6053 -13.6292 -0.975068 -8.51765 -21.1298 -11.8165 -2.22932 -0.374543 -6.83534 -17.092 -11.0909 -1.70686 -3.93603 -6.18784 -1.23353 0.782661 8.4627 17.655 13.4977 9.11378 6.57821 -0.360404 -2.1442 0.604416 12.1947 17.3218 10.7006 3.01819 9.52095 5.91467 -2.05654 -0.115213 13.035 13.0584 13.0476 10.5647 9.26418 8.24069 -0.114339 0.568566 11.3741 12.5188 -4.01402 4.67336 6.30909 3.15911 1.07136 -1.43662 4.27136 13.338 -3.07895 -19.8201 -14.5787 -7.72191 -0.776206 -3.04172 -9.33004 5.99595 3.85728 -18.305 -26.9911 -13.5321 -1.84061 -2.74205 -13.0616 -13.3361 -0.898689 -9.00091 -21.1514 -11.617 -1.36639 -1.23731 -7.21901 -18.3082 -11.5995 -0.868715 -4.45537 -6.25074 -0.771932 0.451896 7.96662 17.7266 13.9195 9.23532 6.92548 -0.357 -2.02332 0.955702 11.8334 17.5551 11.4261 3.94307 8.71275 5.96743 -2.32919 0.149298 12.7126 14.4234 13.1265 10.9207 9.44372 8.68242 0.401634 0.445985 11.4309 12.6641 -3.03923 3.27944 6.07538 3.50471 0.936452 -2.01549 3.87089 13.046 -2.05288 -20.0682 -14.5035 -8.54358 -1.46977 -3.56549 -8.99874 5.09132 3.96419 -17.8996 -28.2227 -14.2963 -2.73728 -2.31758 -13.2366 -13.2642 -1.83804 -8.34119 -21.7123 -12.1485 -1.78435 -1.16061 -7.4541 -17.7644 -12.2152 -1.87001 -4.35344 -6.39982 -0.986673 0.269626 8.09495 17.9641 13.545 9.86395 6.62779 -0.34685 -1.97839 0.458531 12.1907 17.5161 11.5133 3.60617 9.22257 6.15134 -2.413 0.0795394 13.143 13.6978 13.1541 10.7078 9.98163 8.82021 0.11813 -0.218172 11.7241 12.4682 -3.4155 4.71232 6.41183 3.13701 1.35721 -2.12038 4.23206 13.5496 -3.25192 -20.2517 -14.6324 -7.70218 -1.06894 -3.14238 -9.39277 5.48424 4.26123 -19.1 -27.9531 -13.737 -2.11787 -2.28261 -13.8619 -12.8657 -1.43424 -9.21617 -21.6059 -12.1258 -2.18139 -1.00919 -6.87512 -17.9194 -11.8511 -1.70697 -4.94802 -6.09076 -1.14959 1.04385 10.6702 22.738 16.4061 12.1049 8.32094 -0.455235 -2.13663 0.844381 15.3709 21.4499 14.3923 3.71082 12.0044 7.37731 -2.26123 -0.446113 15.6537 17.6819 15.6846 13.5017 11.8285 10.2861 0.453324 -0.158614 13.7688 15.4705 -4.59439 4.00669 7.73063 3.51902 0.693524 -2.81918 4.73818 16.2936 -3.57022 -25.5797 -19.3659 -10.8682 -1.26349 -4.84112 -11.8321 6.35555 4.71874 -22.9088 -35.0168 -18.1461 -3.24637 -3.23913 -16.993 -17.3367 -1.80082 -11.0027 -26.6895 -15.2802 -2.13184 -0.761651 -9.35829 -22.2494 -15.1535 -1.72977 -4.78106 -8.39869 -1.10718 0.814579 7.65736 15.7059 11.6863 8.67395 5.68016 0.0128797 -1.13411 0.642064 10.7912 15.38 10.5284 3.43561 8.19636 5.00293 -2.06237 0.0159268 11.3247 12.1961 12.1449 9.52985 8.48295 8.06424 -0.0499138 0.149891 10.134 11.03 -3.11173 3.26605 5.62734 2.82741 1.38254 -2.08106 3.18444 11.5823 -1.70842 -17.7297 -12.6012 -6.78652 -0.481907 -2.96108 -7.47847 4.92158 3.66137 -16.3098 -24.2689 -12.6286 -1.86713 -2.33724 -11.5926 -11.8296 -0.908816 -7.07055 -19.3108 -10.6783 -1.65152 -0.207791 -6.00018 -15.5363 -10.7357 -1.59287 -4.01625 -6.20523 -1.3107 0.639867 9.55752 21.2865 16.0216 10.8869 8.63974 -0.980705 -2.26932 1.00444 14.4434 21.6539 13.5069 4.26627 10.8899 7.86426 -2.12092 0.163229 14.9175 17.28 15.8351 12.9061 11.0023 10.3367 0.892789 -0.65296 13.0615 15.0705 -4.44052 4.06707 7.20161 3.79128 0.604294 -2.47192 3.78699 15.7628 -2.295 -24.7044 -18.7258 -10.4842 -1.93222 -4.58178 -11.5752 5.39065 5.54146 -21.3955 -34.2031 -17.5044 -3.32081 -2.83202 -16.0077 -17.442 -1.5762 -10.2635 -26.2446 -15.0364 -2.60973 -0.69954 -8.2501 -21.3622 -15.0976 -1.58853 -5.11635 -8.39354 -1.74675 0.737501 11.4932 25.6598 19.4446 13.1593 9.04723 -1.25951 -2.70587 0.58368 16.6378 24.5451 16.2973 4.90397 12.5006 7.89257 -3.33543 -0.338068 17.2958 20.2234 18.4349 15.5847 13.3096 11.6674 0.344656 -0.312437 16.2918 17.9018 -5.21278 4.67981 9.19437 4.66371 1.37315 -3.06656 4.90728 18.8624 -3.02835 -28.3355 -20.9636 -11.5691 -1.35896 -5.3589 -12.5956 7.1611 6.21581 -25.1726 -39.2034 -20.8042 -3.87604 -3.36917 -19.1401 -19.9903 -1.98653 -12.0295 -31.1015 -18.04 -3.47043 -1.68035 -10.0072 -25.5576 -17.2788 -2.2811 -6.39931 -9.1895 -1.44496 0.834267 8.52786 17.7042 12.5034 8.62137 6.14757 -0.756194 -1.70866 0.775259 11.6101 16.2666 10.5084 3.62142 9.01108 5.3908 -1.83268 0.190203 12.8992 12.6549 12.4269 10.554 9.17166 7.54175 -0.297708 -0.260507 11.6321 11.2561 -3.39926 4.18057 5.63627 3.28073 0.68444 -1.72287 4.12108 12.949 -3.13265 -19.6324 -14.2852 -7.58775 -1.03925 -3.72735 -8.58156 6.14454 3.24492 -18.1298 -26.1404 -12.7143 -2.23623 -2.97877 -12.57 -12.3122 -0.68378 -9.34791 -20.7245 -10.5539 -1.99914 -1.231 -7.48786 -16.9641 -10.1184 -1.54884 -4.34395 -6.39615 -0.696122 0.297378 10.6976 22.3725 16.2894 11.9387 8.60664 -0.701911 -2.66304 0.834499 14.8019 21.3903 13.9069 4.61258 11.9984 7.42568 -3.22227 0.331521 15.2829 16.7218 16.7434 13.6201 12.1173 10.0869 0.52607 -0.40386 13.7129 15.4506 -4.53846 5.02847 7.96202 3.65266 1.3669 -2.55901 4.7785 16.0434 -3.50665 -24.8155 -18.2146 -9.87431 -1.7718 -4.78652 -10.9562 6.68843 4.76762 -22.6556 -34.5604 -18.0118 -2.83966 -3.34253 -16.9321 -16.5736 -1.97429 -11.3111 -26.7883 -14.8058 -2.81333 -0.688695 -9.23796 -22.3728 -14.5242 -1.61206 -5.26543 -8.39497 -1.78727 
1024 1
-2.10897 -9.08946 -9.94089 3.39205 -2.28821 -15.3325 -7.89159 -2.40981 -5.24545 -13.5593 -12.4417 9.40438 9.36787 -13.955 -13.4395 -3.82676 -4.75097 -11.3515 -14.5974 3.27306 15.3957 4.19426 -11.2023 -4.90632 -3.87056 -11.9184 -20.4823 -20.9638 6.68854 13.9582 -1.13745 -3.09084 -2.67271 -14.3185 -26.9913 -34.5163 -10.7287 12.2724 10.1648 1.52537 -0.019538 -7.87116 -11.5715 -14.7026 -13.69 8.41744 16.3053 7.38377 4.85155 8.38712 11.1192 11.7733 11.2398 16.56 21.604 12.2136 6.32078 16.7105 15.9471 7.19976 7.84081 21.0975 23.8305 10.1377 -0.730682 -6.29795 -6.59443 2.28121 -0.736708 -9.66753 -5.47172 -1.5073 -3.24782 -9.12466 -8.2499 6.00815 5.93916 -9.42454 -9.28316 -3.16988 -3.10712 -7.52135 -9.111 2.53536 10.3036 3.47231 -7.60101 -3.27785 -1.95474 -7.55709 -13.7843 -14.2286 4.4781 9.81888 -0.932096 -2.27212 -1.54583 -8.92316 -18.601 -23.8241 -7.30813 7.88245 7.6911 0.855203 0.104027 -5.34384 -8.29429 -9.85188 -9.69134 5.08249 10.9083 5.91284 3.788 6.15244 7.71638 7.70338 8.12992 11.1962 15.4501 8.86419 4.45495 11.1879 12.0791 5.90037 5.35194 14.0185 16.0522 7.36156 -1.47414 -5.3181 -5.90289 2.71816 -0.879943 -8.03756 -4.57453 -1.27604 -2.71942 -7.10314 -7.41324 6.24898 5.11299 -8.28648 -7.3236 -1.93035 -2.09004 -6.13859 -7.47249 2.43717 8.83382 2.39444 -6.2798 -2.53369 -1.50543 -6.49157 -12.1043 -12.1653 4.4332 8.10452 -0.191975 -1.4558 -1.52071 -8.35976 -14.8457 -19.3417 -6.4627 7.65839 5.96056 0.84976 0.350948 -4.60475 -6.8759 -7.82625 -8.09813 4.66467 9.84638 4.22565 3.61985 5.19889 5.82134 6.5672 6.50895 9.78566 13.1029 6.81262 3.85516 9.9966 9.41119 4.99956 4.63513 11.8737 13.8943 5.96264 -1.55802 -5.7429 -5.95468 2.25767 -1.5376 -8.99688 -4.56128 -1.39186 -3.48497 -9.01817 -7.94855 6.71434 5.55343 -8.84754 -8.35173 -2.65588 -2.98552 -7.13163 -8.87252 3.49559 9.97192 1.53574 -7.61736 -2.54074 -2.65213 -7.71017 -13.2066 -12.6868 5.17239 8.88026 -1.3149 -1.66404 -1.45657 -8.90353 -16.7363 -22.6961 -5.71 8.39467 6.67295 1.3088 0.130066 -5.03304 -7.99795 -10.1963 -8.54481 5.43731 10.566 4.43463 3.81706 5.92598 6.38303 7.29055 6.99316 10.5703 14.8715 7.6237 4.80983 11.1737 11.1894 4.73726 5.46478 13.6782 15.678 5.79139 -1.60813 -8.43852 -10.5203 3.82218 -1.39875 -15.0094 -7.92307 -2.44823 -4.72533 -13.6105 -12.8903 9.14479 9.61547 -13.5534 -14.4773 -5.01836 -4.28953 -11.5958 -14.7325 2.22942 16.355 4.33412 -11.7786 -5.39118 -4.13869 -11.6332 -21.1732 -21.7073 7.33357 14.7344 -1.38734 -3.32835 -3.18709 -13.9529 -26.7826 -35.1948 -12.0808 12.1169 10.6904 1.7323 -0.467983 -7.79223 -12.6894 -14.8247 -15.3352 7.78469 17.1548 7.58274 5.25629 8.83292 10.4512 11.4154 10.9263 16.352 22.4154 12.2381 6.65528 16.7116 16.8672 7.71882 7.83657 21.1687 24.6013 9.996 -0.465359 -1.35039 -0.768076 1.08359 -0.109325 -1.71406 -0.914769 0.511429 -0.718152 -1.9641 -1.49504 2.59978 2.21203 -2.6601 -1.41616 0.0331115 -0.131122 -2.01527 -2.38522 1.09204 2.5402 0.524477 -1.68873 -0.123342 -0.468545 -1.65508 -2.8847 -2.86652 1.48932 2.90124 0.167458 -0.329801 -0.325993 -2.21417 -4.07398 -5.1034 -0.861698 2.27752 2.36355 0.89814 0.530438 -1.22563 -1.66163 -1.96591 -1.61994 2.07244 3.06958 1.32766 1.36184 1.92505 2.14592 2.54239 1.99647 3.74252 3.92318 2.16141 1.51334 3.06224 3.48268 1.50817 1.48551 4.19287 4.41278 1.75153 -2.05537 -6.99943 -7.8407 2.99626 -1.37897 -11.8974 -6.2063 -1.78563 -3.59431 -9.94476 -9.03516 7.43301 7.07015 -11.0826 -10.7797 -3.13057 -3.14944 -8.55102 -11.3504 2.18353 12.439 2.81671 -9.00653 -3.39939 -2.72882 -9.25676 -16.5458 -15.9327 6.31254 11.7917 -1.40618 -2.09576 -2.39387 -10.9467 -20.7574 -26.9311 -7.96793 10.1304 7.90603 0.976375 -0.140124 -6.52019 -9.31541 -11.3448 -11.1141 7.01358 12.7873 5.88563 4.31369 6.55201 8.25898 8.65913 9.10146 12.1542 17.6622 9.35677 5.26029 12.3793 12.5261 5.70654 7.01232 16.3254 18.1338 7.44379 -1.43882 -6.96547 -8.14008 3.1734 -1.89972 -12.2633 -6.41695 -1.22631 -4.26688 -10.2821 -9.54922 8.40795 7.47912 -11.2266 -11.0801 -3.36325 -4.15669 -8.86415 -11.1844 3.69052 12.8879 2.5178 -9.1952 -3.99278 -2.96615 -9.34754 -16.6562 -16.1908 6.50716 11.6138 -1.0043 -2.51838 -2.48729 -11.1544 -21.4638 -27.6676 -7.72877 9.88235 8.31327 1.37115 0.229635 -5.88163 -9.47936 -11.7769 -10.9881 7.13407 13.6127 6.1096 4.18914 6.75142 8.55683 8.88511 9.33421 12.6203 17.3019 9.33258 5.71761 13.4463 13.3875 5.94312 6.82747 16.9639 19.0819 7.97697 -2.04318 -7.57171 -8.30174 3.19671 -1.55608 -11.8758 -6.11883 -2.04872 -3.68452 -10.772 -9.77872 7.52897 7.3415 -10.8698 -10.6645 -3.37123 -4.13913 -8.97884 -11.1585 2.01981 12.8422 2.88642 -9.36435 -3.9206 -2.62311 -9.71302 -16.4751 -16.9618 5.74731 11.7992 -0.438099 -2.41494 -1.95879 -11.5448 -21.3707 -28.5907 -9.42743 9.55563 8.39022 1.31593 0.0146663 -5.91243 -9.23297 -11.4458 -11.4248 6.98684 13.3898 6.36142 4.26824 6.51339 8.75236 9.28245 8.94889 12.7042 18.2701 9.42463 5.19968 13.374 13.2283 6.67423 6.5815 16.7116 19.2527 7.7161 -1.79398 -7.54125 -8.15118 3.00234 -1.82758 -12.1962 -6.45485 -1.94978 -4.29395 -11.0563 -9.24711 8.4746 6.97125 -11.7759 -11.1447 -3.10203 -3.77874 -8.79355 -11.8163 3.6329 13.2794 2.92715 -8.97136 -4.05307 -3.02478 -9.95077 -17.3485 -15.9435 6.08704 11.69 -1.71898 -2.46302 -2.11046 -11.8332 -21.991 -28.6978 -8.11727 10.0209 8.23059 1.17332 -0.348613 -6.73875 -9.99245 -12.2958 -11.2219 7.18631 13.0527 5.72281 4.47213 6.52879 7.97255 9.47854 8.63058 13.5558 18.1226 9.74992 5.21195 13.815 13.3817 6.06667 7.08093 17.3913 19.5165 7.64188 -2.10178 -9.77392 -10.4118 3.26235 -2.25189 -15.2623 -7.66806 -2.14918 -4.69511 -13.4837 -12.7827 10.0851 9.19862 -14.1113 -13.6495 -3.94239 -4.81057 -11.1602 -14.3191 3.40003 15.8707 3.83053 -11.6896 -4.49228 -4.0278 -11.68 -21.6822 -20.9385 6.71203 13.7568 -0.665038 -2.82727 -3.40639 -14.5496 -27.1285 -35.5468 -10.637 11.815 11.1319 1.61273 -0.157408 -7.37453 -11.973 -14.0185 -14.2667 7.90722 16.9533 7.87713 5.75648 8.67369 10.9479 12.278 12.1828 17.0459 22.4622 11.7231 6.84438 16.6453 16.8149 7.71587 8.35451 21.4548 23.8686 10.0154 -1.82818 -6.72381 -7.53631 3.19142 -1.43753 -10.2525 -5.2574 -1.08535 -3.004 -9.73282 -8.53807 6.69501 6.67135 -9.92236 -9.52228 -3.18498 -2.87454 -8.36365 -10.5141 2.71281 11.872 3.02534 -7.85948 -3.32292 -2.62813 -8.08138 -14.9788 -15.04 5.37651 10.1708 -0.315319 -2.18694 -2.17391 -10.4012 -18.877 -24.9955 -8.14229 8.88493 7.58695 1.42713 -0.073426 -6.02155 -9.0976 -10.1933 -10.1739 6.34577 11.729 5.44943 3.26939 5.86783 7.37466 8.85676 8.50873 11.2789 16.0013 8.59043 5.22575 12.2392 12.0391 5.42589 5.65074 15.2699 17.4571 7.01976 -1.9672 -8.73591 -9.88176 3.47861 -1.1062 -15.3209 -7.90604 -2.35751 -5.06706 -12.8056 -12.6704 9.36099 9.43969 -13.3685 -14.1988 -4.47281 -4.47483 -11.3758 -14.1406 2.41864 15.0851 4.71043 -11.0808 -4.35028 -3.38278 -11.6422 -20.5996 -20.5585 6.75442 13.8217 -1.43508 -3.50353 -2.56997 -13.2657 -25.4454 -34.1606 -11.0488 11.7543 11.0314 0.893974 -0.629029 -7.93124 -11.4778 -14.0442 -14.3314 7.93336 16.8096 8.08462 5.36938 8.13693 10.4485 11.1443 10.8693 15.504 21.4578 12.3834 6.36362 15.78 16.3286 7.16287 7.88132 20.3605 23.1477 9.56665 -2.6634 -10.3151 -11.2874 3.73454 -2.62412 -17.2138 -9.28259 -2.95551 -5.45917 -15.5133 -14.0171 10.5649 11.1299 -15.7155 -16.3788 -4.65874 -5.02223 -13.1251 -16.7709 3.09875 17.9703 4.24539 -12.8444 -6.00309 -4.08151 -13.5096 -24.1492 -23.9308 7.51365 16.6215 -1.18005 -4.00107 -3.56604 -16.0912 -30.0968 -40.1397 -13.0784 13.4975 12.1714 1.7579 -0.592572 -9.33074 -14.2838 -16.9888 -16.1498 8.73979 18.6278 8.85866 5.75624 9.40268 12.4413 12.8395 12.9118 18.7351 25.0045 13.6141 7.34501 18.6808 19.0926 8.488 9.27162 23.8602 27.0864 11.4622 -1.20515 -6.99739 -7.81357 2.76047 -1.727 -11.3683 -6.20019 -1.94619 -3.7848 -10.7473 -9.20806 8.18981 6.48133 -11.2053 -10.5928 -2.80155 -3.47719 -8.43371 -10.351 3.53861 12.2291 1.61603 -8.44648 -2.85695 -2.60707 -9.27922 -16.371 -15.5408 6.54236 10.2567 -1.67953 -1.96511 -2.18214 -11.5511 -20.1269 -27.1909 -6.93266 9.4733 7.59809 0.735215 -0.574476 -6.17859 -9.0921 -11.7228 -10.6409 7.37564 12.1235 5.90849 4.39065 6.96068 7.93538 8.99085 8.34813 13.5265 16.9462 9.34614 5.46931 13.1924 12.2599 5.53783 7.07214 16.4624 17.6144 7.13398 -2.29409 -9.31726 -9.88094 3.14635 -2.31446 -14.6921 -8.01455 -2.31944 -4.98964 -13.8195 -12.214 9.89548 9.58834 -14.1089 -13.9191 -4.26457 -4.80363 -11.392 -13.8118 3.61237 15.7269 3.35428 -11.5812 -4.30036 -4.2169 -11.5948 -21.1868 -20.2101 6.89833 14.2456 -1.67944 -3.44341 -2.83114 -13.8243 -26.7951 -34.7941 -10.2978 12.6823 10.1328 1.01696 -0.0169733 -7.77033 -11.837 -14.8082 -14.3715 8.10878 16.2687 7.86663 5.55268 7.9914 10.5076 11.4911 11.1696 15.8465 22.1052 12.0742 7.23488 16.783 16.5482 7.14431 8.23119 21.5255 23.5146 10.2084 
1024 1
-3.56602 -7.33987 7.66319 6.20155 9.2249 12.3361 -5.67241 -2.75498 -6.02464 -3.33709 17.9517 -11.7362 -12.3671 9.45499 -9.18775 -5.2607 -4.59536 -1.25491 22.901 6.86595 -6.93248 -4.33767 -13.6213 -4.83082 -4.11071 -9.82005 6.86809 21.2757 3.32756 -20.2879 -16.9051 -3.32518 -2.72099 -7.9434 4.98309 14.1052 5.94894 -5.21524 -7.50179 -0.688022 -0.121881 6.94879 11.6013 -7.86862 -5.53401 10.1791 5.26094 1.22631 1.53853 11.9788 11.6528 -15.0104 -15.5969 5.48161 4.07931 -0.0164675 1.44881 6.58733 14.2214 3.21021 -2.20642 3.13498 -1.33191 -1.236 -2.14398 -5.30568 4.43037 5.07956 6.52121 8.27374 -3.22888 -1.93863 -3.88682 -2.9368 11.9613 -6.64482 -9.10324 6.55511 -5.86287 -3.47962 -3.36272 -0.687995 15.1122 5.12799 -4.83802 -2.75433 -8.97188 -3.74004 -2.38486 -5.84897 4.11237 15.0194 3.1314 -13.493 -11.9161 -2.91559 -1.90704 -5.38438 3.75961 9.9463 4.49928 -3.58646 -4.64274 -0.886112 0.263547 4.33032 8.31577 -4.34508 -4.32526 6.72166 3.96077 1.06149 1.03262 8.18062 7.54623 -9.70208 -10.2468 3.19461 3.15979 0.101413 0.347642 5.1711 9.94929 2.59474 -1.79784 2.58031 -0.957993 -0.475212 -1.48471 -4.32606 4.10786 3.73707 5.64893 6.65633 -2.55047 -1.42682 -3.69518 -2.17382 10.4846 -6.28073 -6.46727 5.80012 -4.84479 -3.07488 -2.55021 -1.03271 13.262 4.18731 -4.38242 -2.44447 -7.42369 -3.11046 -2.37359 -5.59523 4.05642 12.0743 2.71686 -11.649 -9.06835 -1.57558 -1.72986 -4.57193 2.92764 7.88392 3.59906 -3.22751 -3.85788 -0.478899 0.0517462 4.65733 7.08305 -4.61038 -3.07559 6.21021 3.38853 0.448856 1.51446 7.3505 6.77903 -7.81405 -8.97069 3.16623 2.84419 0.0174699 0.908791 3.98101 8.6502 2.23367 -1.13624 1.97681 -0.988502 -0.133178 -2.26096 -4.59618 5.59076 4.45352 6.68203 7.5527 -3.52839 -1.86357 -4.0116 -1.62396 11.9761 -7.28203 -6.62171 6.56015 -6.61938 -2.82525 -2.646 -0.38209 15.0972 3.37902 -3.93945 -2.65319 -8.93335 -2.91956 -2.12215 -5.63772 5.63411 13.474 1.95955 -13.0854 -10.0037 -1.74802 -1.55513 -4.46101 3.8751 9.62663 3.88059 -3.49771 -4.06293 -0.00978452 0.352537 4.76388 7.92234 -5.07653 -3.42514 7.02123 3.38453 0.561728 1.26248 8.10199 6.94087 -9.98087 -9.87223 4.06042 2.90814 0.586662 0.84137 5.09163 9.25461 2.39535 -1.69038 1.84961 -0.86591 -0.97687 -4.17038 -8.0623 7.14883 6.40603 8.68407 12.8503 -5.23994 -2.52351 -6.57308 -4.50353 18.2693 -10.5016 -13.5311 10.3322 -9.75752 -5.13658 -4.75218 -1.69555 22.2016 8.33163 -8.36006 -3.59846 -14.2841 -5.1795 -3.65062 -9.78811 6.11396 21.942 4.36615 -20.3023 -17.4199 -3.87832 -3.19328 -7.98501 3.82142 14.126 6.62432 -5.17546 -7.99502 -1.46475 0.294747 7.09376 11.3312 -7.92093 -5.99911 10.3543 6.24931 0.854025 1.49044 11.8939 12.28 -14.4185 -16.1991 4.74536 4.02752 -0.130999 1.08534 6.80034 15.5083 3.64154 -2.31317 3.33436 -1.34848 -1.57388 -0.800165 -0.50574 2.20943 0.920309 2.0277 1.70276 -0.790649 -0.149525 -0.291259 0.139392 3.78171 -2.14357 -1.16429 1.77475 -1.1988 -0.10068 -0.523778 0.209843 4.21839 0.762703 -0.578976 -0.623812 -1.88693 0.183079 -0.814933 -1.24669 1.61394 4.20972 0.278771 -2.78235 -1.75519 -0.449891 0.13132 -0.687763 1.50593 2.64839 1.37434 -0.727567 -0.405846 0.547607 0.0423128 1.63979 2.20862 -1.28699 -0.219609 2.52336 1.05386 0.294072 0.503634 2.5845 1.97274 -2.32241 -1.44802 1.07168 0.937834 0.807247 0.630024 1.93457 3.01941 0.926629 0.374818 1.08413 0.303361 0.32144 -3.02116 -6.35352 6.26908 4.37642 7.46327 9.52381 -3.62201 -1.82993 -4.50058 -3.21029 14.1374 -8.89354 -9.62978 7.67107 -7.28958 -3.95727 -3.17408 -1.34211 18.4646 6.10476 -6.26446 -3.14509 -10.5642 -3.6649 -3.15403 -7.58166 5.29269 17.2756 2.41424 -15.9268 -13.092 -2.93023 -2.78998 -6.15252 3.80671 11.1398 5.58305 -4.30011 -5.81436 -0.64158 -0.00803169 5.64629 9.26492 -6.179 -4.61539 8.21537 4.95585 0.566274 1.67161 9.59991 9.4913 -11.0567 -12.1024 4.45458 3.19099 0.317879 1.32081 5.64982 11.8464 3.40473 -1.40953 2.06877 -1.41113 -0.389884 -3.15099 -5.6567 6.017 4.42092 7.39174 9.83141 -3.88746 -1.96724 -4.88336 -2.55497 14.1858 -9.40031 -9.2489 7.22321 -7.4885 -4.33522 -4.1403 -0.825997 18.7723 5.46467 -5.56319 -3.56274 -11.1626 -3.41717 -2.53575 -7.26726 6.28098 17.3131 2.9625 -16.2027 -12.983 -3.15654 -2.0497 -6.29501 3.6886 10.7554 4.87503 -3.94741 -5.65529 -0.543032 0.0737217 5.99957 8.43807 -6.26036 -3.59178 8.5647 4.78468 0.589902 1.23359 9.57539 9.17862 -12.1066 -11.6672 4.83028 2.78832 0.551962 1.04461 6.01884 12.1286 2.79034 -2.16237 2.39418 -1.17617 -1.25727 -2.91756 -5.81857 5.46662 5.28634 7.6454 10.0667 -4.29 -2.40024 -4.98457 -3.13813 14.3562 -8.78972 -10.249 8.28119 -7.84852 -4.01499 -3.67532 -0.636398 18.439 6.01623 -5.53522 -2.9322 -11.3486 -4.16201 -2.76978 -8.16711 5.66402 17.5722 3.17291 -15.9664 -13.4312 -2.63057 -2.69629 -5.83681 3.93754 10.9647 5.2475 -3.85909 -6.0605 -0.361791 -0.264929 5.65728 8.98668 -6.15586 -4.96933 7.9862 4.33949 1.53341 1.3264 9.73792 9.38127 -12.0138 -12.4356 4.67724 3.28102 -0.0608677 1.23415 5.33011 11.5421 2.73094 -1.46419 3.06091 -0.81312 -0.360955 -2.80581 -6.15446 5.60724 4.65437 7.64461 9.4542 -3.58724 -2.15584 -4.71788 -3.20026 15.1709 -9.93096 -9.12626 7.34687 -8.14728 -3.47588 -3.35949 -0.763641 18.237 5.52402 -6.29626 -3.36103 -10.6508 -4.29812 -2.85679 -8.12956 5.79464 17.2398 3.11573 -16.4203 -13.5081 -2.78629 -2.41998 -6.27365 4.23738 11.8237 5.6037 -4.36483 -6.22807 -0.644912 0.348347 5.51693 9.1638 -6.57942 -4.20463 8.66505 4.47361 0.871876 1.27008 9.50909 9.6481 -12.0803 -12.0337 4.97587 3.45148 0.223888 1.36512 6.1005 12.6654 3.14095 -2.24888 2.53465 -1.38375 -0.576482 -3.58739 -8.16163 7.57408 6.15155 9.40656 12.3326 -5.56888 -2.6492 -5.81709 -3.25552 17.9732 -11.7778 -12.2185 9.40839 -9.67936 -4.68476 -4.33748 -1.22697 22.6795 7.6818 -7.16895 -4.94292 -14.2577 -5.21188 -3.47338 -9.96798 6.37383 21.934 4.01776 -20.0325 -16.8123 -3.66861 -2.97807 -7.74932 4.81166 14.1304 6.0445 -5.07458 -7.31279 -1.3587 -0.236525 7.23175 11.1093 -8.9836 -6.60222 10.4889 6.29549 1.75124 1.70693 11.6478 11.8047 -14.2075 -15.4021 5.07423 3.55899 -0.0752279 1.08423 6.63785 14.8458 3.67359 -1.50995 2.86605 -1.41303 -0.90927 -2.54781 -5.91084 5.21713 4.66195 6.59833 8.96415 -3.42591 -1.62162 -4.68681 -3.21807 13.4382 -8.18608 -8.21549 7.36179 -7.19569 -3.58928 -3.58787 -0.460371 16.1786 5.54275 -5.58425 -2.81166 -10.2554 -3.27024 -2.23176 -6.67802 4.51587 15.8065 3.144 -13.7062 -12.0181 -2.74547 -2.65531 -5.05586 3.9666 10.0972 4.78757 -3.71097 -5.55839 -0.427161 0.127418 5.52682 8.50015 -5.52223 -3.85614 7.64707 3.67717 1.37635 1.65338 8.19647 8.5078 -9.9805 -10.8745 4.29281 3.21157 0.291312 0.738535 5.23383 10.7418 2.39206 -1.40652 1.94533 -1.07316 -0.547209 -3.17225 -7.7283 6.49697 6.10299 8.95536 11.8927 -5.39593 -2.78144 -6.26636 -3.70434 17.3847 -9.77574 -12.5889 9.20323 -9.19899 -5.07473 -4.62336 -1.86078 21.7873 7.53473 -6.67957 -4.28002 -13.4532 -5.2049 -3.27023 -9.68041 6.02915 20.9337 3.98952 -19.6521 -17.2669 -4.01665 -2.99435 -7.79965 4.75574 13.624 6.49576 -4.40507 -7.75771 -0.875706 0.167854 6.31738 11.1527 -7.54769 -6.43263 9.2147 5.31171 1.42846 1.44037 11.1639 11.9707 -14.0529 -15.3848 5.24782 4.19733 0.0377876 0.502988 6.19731 13.9587 3.71182 -2.31432 2.79779 -1.53344 -0.769437 -4.50397 -9.08182 7.94819 7.31486 10.0146 13.6702 -6.06979 -2.85366 -7.07288 -4.25781 20.5574 -12.2467 -13.9378 10.9589 -11.1001 -6.25447 -5.83956 -1.88751 25.6032 8.74444 -9.06267 -5.13262 -16.1589 -6.33006 -4.42907 -11.184 7.34074 24.6857 4.4694 -23.1669 -19.3081 -3.96658 -3.81147 -9.20814 5.51385 15.9376 7.41166 -6.38863 -8.56257 -1.64125 0.247977 8.31606 13.0613 -8.83877 -6.88293 10.9557 5.91356 1.53057 1.91622 13.087 13.1968 -16.4962 -17.7355 6.39074 4.72798 -0.336168 0.932297 7.2008 16.3448 4.64807 -3.0058 3.8709 -1.63101 -1.38389 -2.46985 -5.72142 5.89133 4.63089 7.77153 8.87231 -3.89336 -1.75324 -4.81668 -2.54231 14.3506 -10.2894 -8.04423 7.17264 -7.24321 -3.87443 -4.1538 -0.664048 18.367 4.80079 -5.40865 -3.4067 -11.1091 -3.38016 -2.98472 -7.7942 6.20784 16.5172 2.62485 -15.6843 -12.8317 -2.18297 -2.95847 -6.08593 4.37532 11.2677 4.88384 -4.11074 -5.31046 -0.691502 -0.145277 6.31491 8.64782 -6.18154 -3.89372 7.5973 3.96431 0.982848 1.51273 9.83606 8.23028 -11.5897 -11.3748 4.45481 2.76458 0.511841 0.762422 6.04578 11.5716 2.16868 -1.64896 2.73824 -1.76725 -0.761742 -3.36932 -7.78895 7.08303 6.37042 9.19246 12.087 -5.58226 -2.56312 -6.21393 -3.77425 18.3749 -11.0331 -11.7915 9.94496 -9.81545 -5.29487 -4.51081 -1.11808 23.2923 6.64777 -7.03285 -4.34103 -14.4255 -5.26574 -4.13897 -9.60483 6.92115 21.4369 3.31745 -19.9484 -16.4299 -4.06519 -3.7636 -8.13412 5.29002 13.9086 6.7079 -6.02098 -7.88544 -1.19792 -0.048722 7.24431 11.0061 -8.23353 -5.53013 10.1816 5.72672 1.07579 1.46801 11.7461 11.5108 -15.2114 -15.1834 5.60382 3.86645 -0.352855 0.695911 7.23126 15.0286 3.40896 -2.40149 3.33165 -1.68773 -1.2476 
1024 1
-0.39609 -7.03977 -18.5934 -13.6672 -11.1713 -13.0547 -3.75617 -0.887678 -2.24058 -11.127 -22.3252 -9.46461 -3.55642 -16.1147 -9.73201 -2.42945 -2.67413 -8.6572 -17.6036 -9.94892 1.29106 -6.2941 -11.1373 -3.00844 -2.19916 -2.83374 -2.16147 -10.1567 0.167133 5.16042 -10.0701 -3.17569 -0.230263 10.7929 17.9495 7.2838 9.13378 15.5132 0.156723 -1.63777 0.593494 13.7556 20.0016 0.385933 9.9199 19.392 7.88666 0.714294 -1.98584 1.38387 11.5546 1.16389 -6.72727 9.16247 4.46643 -1.39554 -2.73354 -9.70505 0.153431 14.4457 25.5155 14.6893 -2.99439 -2.60359 0.192225 -4.63364 -12.7733 -9.53717 -7.2788 -9.45382 -2.52175 0.323216 -1.7437 -6.72429 -15.4151 -7.02766 -2.68138 -10.4079 -6.21255 -1.76003 -1.40708 -6.47025 -12.1246 -6.77356 1.00935 -3.63259 -7.29371 -2.48312 -1.1778 -1.55814 -1.35096 -7.39018 -0.123491 3.44277 -6.19269 -2.00052 0.26618 6.56565 12.705 4.64083 5.77924 10.5918 -0.0996723 -1.03121 0.288129 9.35789 14.2314 1.41272 7.34096 13.1242 6.17162 0.599536 -1.22459 1.40803 7.65834 0.98109 -5.14952 5.68586 3.37874 -0.113163 -0.992605 -6.24685 -0.534725 10.0049 16.8483 11.541 -1.79125 -1.68351 -0.535523 -4.21684 -10.3493 -7.89969 -6.46835 -7.09005 -2.06272 -0.119819 -1.41145 -6.48062 -13.0417 -4.619 -2.23223 -8.52244 -5.3179 -0.74607 -1.47392 -4.75101 -9.23092 -5.21617 1.34261 -3.42708 -5.94061 -1.2088 -1.10645 -0.901917 -0.567755 -5.83175 0.4055 2.94577 -5.73805 -2.19895 0.324491 6.58325 10.4802 4.5687 5.57699 8.72676 -0.107659 -0.0763264 0.211795 8.12211 12.2359 0.479432 5.65365 11.1432 4.45792 0.51061 -1.22027 0.616791 6.80963 0.73051 -3.92754 4.82376 2.226 0.0188217 -1.55136 -5.23017 -0.129204 8.09281 14.4557 8.95753 -2.08412 -1.07413 -0.349478 -4.41277 -11.9059 -8.85573 -7.22748 -7.89536 -2.68 0.0840051 -1.77803 -7.53728 -14.8405 -5.74655 -2.72014 -10.4969 -5.74174 -0.896742 -2.09449 -5.47644 -10.9639 -5.49552 0.75958 -4.21083 -6.91035 -2.06647 -1.15997 -1.17219 -1.55043 -6.22718 0.339314 2.66294 -5.98565 -1.51205 0.621574 6.86497 11.3215 4.48426 5.58943 9.91193 -0.580027 -1.00167 0.566974 9.42268 12.9496 0.935542 6.95385 13.0609 5.04375 0.396702 -0.81121 1.24831 7.33404 1.00093 -3.86708 6.22941 2.3813 -0.506823 -1.30022 -6.57131 0.389494 9.43451 16.5121 9.1573 -2.43655 -1.4756 -0.849518 -6.92898 -19.3314 -14.2588 -10.7591 -14.0953 -4.29631 -0.914491 -2.36548 -10.3524 -22.192 -9.90838 -3.57003 -16.2635 -9.68612 -2.19387 -2.7979 -8.57902 -17.7413 -11.173 1.56434 -6.07417 -11.5265 -3.55513 -1.82862 -3.34039 -1.89811 -11.0419 -1.00853 5.95492 -9.63964 -3.84706 -0.423104 10.4381 18.6919 7.54805 8.29977 15.9162 0.254964 -1.67932 1.01217 13.8977 21.5607 1.33453 10.8654 20.0721 9.13487 0.148336 -1.82593 0.809736 12.517 2.28236 -7.81034 8.71858 4.95932 -1.61769 -2.59635 -10.4242 -0.722477 14.7614 26.1086 15.622 -2.89067 -2.56826 0.155261 -1.05404 -2.8028 -1.79406 -1.5959 -1.89071 0.0927593 0.394736 0.31374 -1.57866 -3.93571 -0.489456 -0.657909 -1.84843 -0.645305 0.523701 -0.633711 -1.40848 -2.96602 -0.829758 0.922417 -0.750648 -1.31783 0.364534 -0.432805 -0.477553 -0.159361 -1.66684 0.737431 1.25017 -1.66313 0.279865 0.37589 2.6878 3.25176 1.07724 1.76174 2.53483 0.345874 0.67229 0.858295 3.37217 3.78772 -0.168342 2.39357 3.62633 1.94183 0.630236 0.452596 0.549705 1.85026 0.230622 -0.0244438 2.1646 0.799045 -0.21662 0.0704742 -1.16146 0.216645 2.63934 5.02048 2.40185 0.0903462 -0.39177 -0.174098 -5.58395 -14.9364 -10.2822 -8.66786 -10.0983 -2.88846 -0.504882 -1.79366 -8.53521 -17.5454 -6.55639 -2.60742 -12.6743 -7.40267 -1.19756 -2.29514 -6.91008 -13.7586 -8.0793 1.04242 -4.84475 -9.02365 -2.02101 -1.72333 -2.19984 -1.00051 -7.78685 -0.171785 4.39136 -8.06451 -2.95564 -0.180279 7.84855 14.498 5.67296 7.2846 12.4371 0.154942 -1.27073 0.975066 11.6772 15.6304 0.763189 8.00138 15.4314 6.29373 0.419041 -1.7402 1.27397 9.78989 1.47209 -5.98448 7.50144 3.23866 -0.869441 -2.09427 -8.08906 -0.268053 11.9217 19.5027 11.4233 -2.27217 -2.36933 -0.557505 -5.42131 -14.5458 -10.8452 -9.21507 -10.4174 -3.08639 -0.625722 -1.80016 -8.52648 -17.4359 -6.71181 -3.50132 -13.1428 -6.93814 -1.56091 -2.19789 -7.04508 -13.5813 -7.44206 1.49116 -4.81828 -8.4072 -2.14405 -1.84113 -2.33846 -1.79213 -8.46395 0.146235 3.32587 -7.67909 -2.16507 0.379454 8.26849 13.8721 6.15887 7.46977 12.6525 0.280122 -1.26258 0.350231 11.8251 16.4143 0.4766 8.96981 15.9897 6.5838 0.135389 -1.57295 1.37944 10.0552 1.86368 -5.61374 7.42812 3.62647 -0.696155 -1.52839 -8.50641 0.605773 12.1187 19.7838 11.492 -2.77867 -1.84307 -0.254308 -5.45854 -14.9109 -11.2558 -9.18331 -10.6092 -3.15863 -0.377947 -1.87307 -8.67676 -17.7326 -7.0646 -3.35998 -12.6718 -8.15444 -1.37005 -1.95518 -6.90283 -13.7731 -8.63872 0.955143 -5.03474 -9.03137 -2.68241 -1.72108 -2.20845 -1.18333 -8.45042 -0.00580083 3.75985 -8.12571 -2.73762 0.20348 8.7493 15.2811 6.06387 7.29898 12.978 -0.283116 -0.680209 0.189365 11.7466 17.0195 0.631447 8.10664 16.205 7.27776 0.8651 -1.19629 1.31153 10.0258 1.32026 -5.45645 7.11419 3.81786 -1.12261 -1.44596 -8.0869 -0.181085 12.0615 20.5541 12.8657 -2.79139 -1.76455 -0.306744 -5.88263 -14.8627 -11.188 -8.7578 -10.3038 -3.56033 0.205969 -1.71491 -8.44622 -18.3078 -6.83653 -3.08713 -13.2994 -7.52479 -1.44046 -2.08393 -7.38043 -13.8399 -7.68667 1.81611 -5.53287 -8.83698 -2.07872 -1.33397 -2.38143 -1.65074 -8.76863 -0.362381 4.13196 -8.2245 -2.41372 -0.238912 8.88728 14.8948 6.2734 7.35168 13.0748 0.05807 -1.33711 0.95342 11.3759 16.8297 0.822723 8.68195 15.917 7.0165 0.768786 -1.09085 1.83659 9.72182 1.68033 -6.12545 7.84852 3.77653 -0.389343 -2.19059 -8.33769 -0.136316 12.1546 20.1078 11.5928 -2.97328 -2.35827 -1.15691 -7.687 -19.4798 -13.8417 -11.8326 -14.0871 -3.92058 -0.138444 -2.78615 -10.6919 -22.6312 -9.32729 -4.20994 -15.9922 -9.31809 -2.36352 -2.43795 -9.44423 -16.918 -10.544 0.8625 -6.04461 -11.0449 -3.31706 -2.47737 -2.1522 -1.3391 -10.4994 -0.673171 5.426 -9.64128 -3.70783 0.604757 10.9887 18.8591 7.95235 9.6778 16.4198 0.466858 -0.90234 0.786642 13.9587 19.8402 0.878337 10.2476 20.0756 8.75448 0.314184 -2.33005 1.82993 11.5928 1.67186 -6.8457 8.36083 4.58801 -0.895789 -2.87605 -10.0544 -0.877798 14.8841 26.1313 15.5274 -3.49357 -2.88059 -0.362698 -4.83503 -13.3797 -9.97677 -7.96583 -9.65123 -3.10707 0.320831 -1.53985 -7.80911 -15.574 -6.2831 -2.92879 -10.9466 -7.25341 -1.27272 -1.6226 -6.5208 -11.9232 -7.27603 1.1 -4.18946 -8.39048 -2.05992 -1.45531 -2.13173 -0.923559 -7.09148 0.227659 3.63436 -7.04158 -2.51055 0.582403 7.85583 13.3143 4.90259 6.09473 11.8527 -0.256942 -0.762461 0.325987 9.78767 14.7299 0.788094 7.92737 14.0716 6.53281 0.536952 -0.926032 1.61854 9.15071 1.17668 -5.02341 6.19839 3.79288 -0.17478 -1.73778 -6.7177 0.403102 10.4499 18.0126 10.7839 -2.10889 -2.28146 -0.937189 -6.86411 -18.585 -13.9203 -10.935 -13.2033 -3.78992 -0.508323 -1.98515 -10.5574 -21.3409 -9.49739 -3.34507 -14.812 -9.21285 -1.94942 -2.37172 -8.35787 -16.3723 -10.5935 0.643744 -5.23621 -11.4136 -3.3559 -1.62064 -2.93258 -1.43411 -10.7491 -0.640761 5.20641 -9.86968 -3.29088 0.255373 9.91795 17.597 7.49916 8.2472 15.1847 0.053826 -1.07902 0.483511 13.144 19.9163 0.57023 9.42562 18.613 8.51623 0.916905 -2.30437 1.15928 11.4144 1.6828 -7.37514 8.58104 4.52061 -1.34358 -1.93474 -10.0426 -0.939584 14.0516 24.9983 15.4013 -3.58518 -3.21928 -1.27068 -8.34312 -22.0138 -16.1898 -13.0113 -15.6252 -4.37692 -0.544178 -2.57042 -12.6435 -25.3915 -10.5224 -4.67814 -18.2698 -11.1368 -2.49224 -2.94355 -10.0865 -19.8895 -11.9464 1.28274 -6.59594 -13.0864 -4.02842 -2.67893 -2.8426 -2.07886 -11.8169 -0.662752 6.11534 -10.8809 -4.1391 0.38481 11.9933 20.8441 7.62523 9.76646 18.3038 0.0298499 -1.47623 1.01252 15.6414 23.2356 0.620723 11.7231 22.6726 9.49033 0.161315 -2.085 2.01389 13.561 1.78952 -7.87347 9.53959 4.96677 -1.80373 -2.47978 -11.9395 -0.18562 16.5849 29.371 17.5875 -3.60016 -3.2364 -0.405852 -5.63763 -14.3634 -9.98405 -9.25212 -10.1774 -2.96222 0.288024 -1.87519 -8.31071 -17.5957 -5.90224 -3.04329 -12.1407 -6.52494 -1.40708 -2.20175 -7.16404 -13.4087 -6.92704 1.46504 -5.11267 -8.44025 -2.35428 -2.06207 -2.16675 -1.47346 -7.55852 0.958693 2.89169 -7.42001 -2.33405 0.339003 8.21243 13.6113 5.699 7.15814 12.1082 -0.153811 -0.552054 0.62912 11.9504 15.5281 -0.0270606 8.38909 15.0726 5.81412 0.822626 -0.992046 2.14823 8.90459 0.590521 -4.71242 7.3114 3.30123 -0.357536 -1.42621 -8.04678 0.756179 12.262 19.6803 10.8716 -2.79106 -2.27331 -0.867233 -6.73125 -18.4387 -13.5634 -11.2981 -13.2544 -4.09703 -0.0264674 -2.4248 -11.3738 -21.9696 -8.94981 -3.97717 -16.0609 -9.63747 -1.90824 -3.10453 -8.96298 -17.0031 -10.4173 1.26334 -6.33411 -10.9724 -3.33723 -1.61772 -2.74104 -2.2589 -10.5942 -0.0639508 5.11564 -9.69267 -3.95331 0.128932 10.4752 18.2256 7.55438 8.47938 15.3501 0.110143 -1.3795 0.436927 14.6335 20.081 1.09774 10.3116 19.652 7.97502 0.386972 -2.08245 1.44358 11.9504 1.89796 -6.84136 8.73126 3.98256 -0.636182 -2.08688 -10.1503 -0.168485 14.9221 25.0544 14.5611 -3.21066 -2.48558 
